0.000000e+00 -4.762796e+03 3.002723e+03 -1.760074e+03 0.000000e+00
5.000000e-02 -4.671265e+03 2.911201e+03 -1.760064e+03 5.580700e-06
1.000000e-01 -4.747187e+03 2.987094e+03 -1.760093e+03 1.110525e-05
1.500000e-01 -4.711606e+03 2.951495e+03 -1.760111e+03 2.104743e-05
2.000000e-01 -4.707443e+03 2.947375e+03 -1.760068e+03 3.107057e-06
2.500000e-01 -4.739189e+03 2.979168e+03 -1.760021e+03 3.020354e-05
3.000000e-01 -4.760765e+03 3.000770e+03 -1.759995e+03 4.480242e-05
3.500000e-01 -4.774258e+03 3.014109e+03 -1.760149e+03 4.272403e-05
4.000000e-01 -4.865807e+03 3.105781e+03 -1.760026e+03 2.704598e-05
4.500000e-01 -4.760348e+03 3.000361e+03 -1.759987e+03 4.899795e-05
5.000000e-01 -4.771234e+03 3.011238e+03 -1.759996e+03 4.419801e-05
5.500000e-01 -4.750629e+03 2.990582e+03 -1.760047e+03 1.532387e-05
6.000000e-01 -4.801697e+03 3.041667e+03 -1.760030e+03 2.465556e-05
6.500000e-01 -4.845164e+03 3.085090e+03 -1.760074e+03 7.656049e-09
7.000000e-01 -4.705846e+03 2.945781e+03 -1.760064e+03 5.341590e-06
7.500000e-01 -4.808196e+03 3.048255e+03 -1.759941e+03 7.568613e-05
8.000000e-01 -4.755204e+03 2.995219e+03 -1.759985e+03 5.014784e-05
8.500000e-01 -4.794150e+03 3.034109e+03 -1.760040e+03 1.894616e-05
9.000000e-01 -4.737451e+03 2.977374e+03 -1.760077e+03 1.607591e-06
9.500000e-01 -4.762145e+03 3.001931e+03 -1.760214e+03 7.994149e-05
