0.000000e+00
1024
1017	0.000976562	-1.39011	-2.16693	0.0615027	0	0	0
1015	0.000976562	-0.552358	-0.75038	1.82064	0	0	0
1006	0.000976562	-1.56395	-2.38257	-0.672264	0	0	0
1003	0.000976562	-1.77658	-0.779784	-1.00109	0	0	0
996	0.000976562	-2.41881	-0.272448	1.59534	0	0	0
986	0.000976562	-0.890477	-2.19412	1.46795	0	0	0
985	0.000976562	-0.846699	-0.42847	-1.50773	0	0	0
982	0.000976562	-1.78741	-0.249674	1.3196	0	0	0
8	0.000976562	-1.10011	-0.751462	0.427396	0	0	0
9	0.000976562	-1.73942	-1.96587	0.924866	0	0	0
10	0.000976562	-1.47293	-0.135862	-1.52723	0	0	0
11	0.000976562	-2.16358	-1.75423	-0.781433	0	0	0
12	0.000976562	-1.21584	-2.22136	-1.08589	0	0	0
13	0.000976562	-0.507101	-2.54884	1.16105	0	0	0
981	0.000976562	-0.896602	-0.245965	1.68308	0	0	0
978	0.000976562	-1.4376	-1.12713	-1.23863	0	0	0
974	0.000976562	-0.788768	-1.69635	0.118987	0	0	0
962	0.000976562	-2.35597	-1.06482	1.12789	0	0	0
949	0.000976562	-0.546289	-1.5397	1.75592	0	0	0
948	0.000976562	-1.59422	-1.34671	-0.456967	0	0	0
946	0.000976562	-1.22318	-0.853726	-2.4422	0	0	0
938	0.000976562	-2.46115	-0.845952	0.692772	0	0	0
22	0.000976562	-2.17984	-1.14403	0.426005	0	0	0
936	0.000976562	-1.45696	-0.41933	1.73001	0	0	0
935	0.000976562	-0.666071	-0.268722	0.0428558	0	0	0
25	0.000976562	-0.787308	-0.318537	2.35776	0	0	0
927	0.000976562	-1.64847	-1.66357	1.11185	0	0	0
923	0.000976562	-0.595646	-0.941727	0.970361	0	0	0
919	0.000976562	-0.476574	-1.01971	-1.30131	0	0	0
913	0.000976562	-0.488852	-0.458105	-0.273923	0	0	0
909	0.000976562	-1.38957	-1.8309	0.440684	0	0	0
902	0.000976562	-1.1948	-0.799682	1.83721	0	0	0
32	0.000976562	-1.12101	-0.544401	-1.73472	0	0	0
900	0.000976562	-0.670875	-2.50902	-0.171052	0	0	0
34	0.000976562	-2.6445	-0.327227	-1.12301	0	0	0
897	0.000976562	-0.412517	-1.57893	1.2281	0	0	0
885	0.000976562	-1.40193	-1.09364	0.0971683	0	0	0
37	0.000976562	-1.07258	-0.632944	0.536118	0	0	0
872	0.000976562	-1.26115	-1.02046	0.559525	0	0	0
39	0.000976562	-1.74786	-0.385614	-0.748764	0	0	0
870	0.000976562	-2.13059	-1.26267	-1.26562	0	0	0
869	0.000976562	-1.20693	-2.52213	-0.878619	0	0	0
867	0.000976562	-1.68374	-1.52101	-1.80945	0	0	0
866	0.000976562	-1.58011	-2.01663	1.16372	0	0	0
863	0.000976562	-1.33393	-0.667431	2.51525	0	0	0
857	0.000976562	-1.49291	-1.61143	-0.0187331	0	0	0
853	0.000976562	-0.465312	-1.54288	-2.1862	0	0	0
849	0.000976562	-1.29947	-1.40279	-0.345639	0	0	0
848	0.000976562	-2.14809	-0.742086	0.823861	0	0	0
49	0.000976562	-1.52048	-0.41049	0.350428	0	0	0
842	0.000976562	-1.855	-1.68386	-1.54501	0	0	0
51	0.000976562	-1.41997	-0.196884	1.1059	0	0	0
839	0.000976562	-0.703475	-2.59063	0.751303	0	0	0
835	0.000976562	-1.09569	-0.708961	2.5185	0	0	0
54	0.000976562	-1.43614	-0.690848	0.531813	0	0	0
55	0.000976562	-1.35575	-0.70861	-1.81146	0	0	0
834	0.000976562	-0.956925	-1.52528	-0.591821	0	0	0
831	0.000976562	-2.52401	-1.17678	0.990488	0	0	0
58	0.000976562	-2.7805	-0.351312	0.0663168	0	0	0
827	0.000976562	-1.36199	-0.85536	2.12723	0	0	0
825	0.000976562	-1.92915	-1.54984	0.304566	0	0	0
813	0.000976562	-2.02543	-0.401688	0.867899	0	0	0
800	0.000976562	-1.83421	-0.983994	-1.29017	0	0	0
799	0.000976562	-2.25887	-1.25974	0.819722	0	0	0
792	0.000976562	-0.564625	-0.956705	-1.39794	0	0	0
784	0.000976562	-1.05101	-0.477947	1.76462	0	0	0
778	0.000976562	-1.78178	-0.190671	-0.534724	0	0	0
749	0.000976562	-0.456346	-2.67729	0.698812	0	0	0
746	0.000976562	-0.458017	-1.34068	-1.88738	0	0	0
69	0.000976562	-1.26229	-1.48522	0.981243	0	0	0
745	0.000976562	-2.73753	-0.338453	-0.518902	0	0	0
738	0.000976562	-1.10537	-1.11359	-2.21255	0	0	0
723	0.000976562	-0.39209	-0.322434	1.59777	0	0	0
73	0.000976562	-1.59692	-0.842611	1.89601	0	0	0
710	0.000976562	-0.582477	-2.23851	1.2545	0	0	0
709	0.000976562	-0.678314	-1.53833	2.15674	0	0	0
76	0.000976562	-1.96156	-0.237977	-1.16697	0	0	0
708	0.000976562	-1.6165	-1.74536	1.41021	0	0	0
78	0.000976562	-0.487761	-2.14599	0.630923	0	0	0
695	0.000976562	-0.406471	-2.30983	-1.69973	0	0	0
694	0.000976562	-0.491989	-1.02396	0.863339	0	0	0
81	0.000976562	-1.36276	-0.201062	-0.583503	0	0	0
682	0.000976562	-0.718271	-2.24882	0.377093	0	0	0
681	0.000976562	-1.14265	-1.17787	0.405325	0	0	0
84	0.000976562	-2.36491	-0.842871	1.4468	0	0	0
680	0.000976562	-0.5646	-2.2143	-0.895948	0	0	0
86	0.000976562	-1.76314	-0.883538	1.06367	0	0	0
679	0.000976562	-0.679862	-1.48322	-1.86716	0	0	0
673	0.000976562	-1.57395	-0.677952	-0.406794	0	0	0
667	0.000976562	-2.44865	-0.985012	1.02137	0	0	0
90	0.000976562	-1.73418	-2.23951	0.469057	0	0	0
665	0.000976562	-0.907179	-0.951608	-1.02066	0	0	0
660	0.000976562	-1.5044	-0.944308	0.796832	0	0	0
93	0.000976562	-2.44737	-1.56717	-0.531975	0	0	0
655	0.000976562	-0.40603	-1.15825	-2.50365	0	0	0
647	0.000976562	-0.551196	-1.77783	-0.475689	0	0	0
632	0.000976562	-2.01293	-0.413758	1.16727	0	0	0
630	0.000976562	-1.62786	-0.832397	-2.12453	0	0	0
629	0.000976562	-2.66259	-0.980561	-0.650286	0	0	0
99	0.000976562	-1.94473	-0.965799	1.08831	0	0	0
628	0.000976562	-0.583982	-1.67846	-1.06245	0	0	0
101	0.000976562	-1.28868	-1.50325	0.0932921	0	0	0
102	0.000976562	-0.785114	-0.194608	-0.96892	0	0	0
621	0.000976562	-1.81747	-2.06536	-0.0568011	0	0	0
618	0.000976562	-0.454488	-2.35973	-0.566531	0	0	0
612	0.000976562	-0.726953	-1.93119	-1.54152	0	0	0
608	0.000976562	-0.972351	-0.480738	-2.29662	0	0	0
600	0.000976562	-1.32065	-0.983894	-0.950259	0	0	0
108	0.000976562	-1.36517	-0.510971	-0.594911	0	0	0
589	0.000976562	-1.00445	-1.54224	-0.727639	0	0	0
579	0.000976562	-0.763473	-0.854386	0.101341	0	0	0
567	0.000976562	-2.41514	-0.696176	0.261251	0	0	0
112	0.000976562	-2.32982	-0.503513	-0.561543	0	0	0
565	0.000976562	-1.37941	-1.09793	-1.16095	0	0	0
564	0.000976562	-2.38682	-0.409845	1.39492	0	0	0
563	0.000976562	-1.23239	-1.03571	-0.0542441	0	0	0
556	0.000976562	-1.31082	-2.34621	0.0136336	0	0	0
117	0.000976562	-2.07247	-1.73615	-0.395879	0	0	0
551	0.000976562	-0.810717	-2.56654	-0.695846	0	0	0
548	0.000976562	-2.10919	-0.279232	-0.0292291	0	0	0
120	0.000976562	-0.803208	-1.3683	-0.0179625	0	0	0
547	0.000976562	-0.786199	-1.1746	-1.09603	0	0	0
543	0.000976562	-0.399002	-0.433982	0.261822	0	0	0
536	0.000976562	-0.611761	-0.334138	-1.53151	0	0	0
528	0.000976562	-0.985413	-0.184054	-2.70532	0	0	0
519	0.000976562	-0.69556	-2.69897	-0.70097	0	0	0
517	0.000976562	-0.541625	-2.40118	0.309689	0	0	0
508	0.000976562	-1.67385	-2.03747	0.613179	0	0	0
128	0.000976562	-1.16749	-2.48157	-0.445806	0	0	0
505	0.000976562	-1.14489	-0.356927	-1.10288	0	0	0
494	0.000976562	-0.915696	-1.17265	-2.50313	0	0	0
491	0.000976562	-2.07068	-0.266765	-0.0232064	0	0	0
132	0.000976562	-1.89448	-0.515571	1.47761	0	0	0
480	0.000976562	-1.13838	-2.5162	-0.800943	0	0	0
478	0.000976562	-2.34558	-0.602192	-0.307715	0	0	0
476	0.000976562	-1.18207	-1.94379	-0.247676	0	0	0
471	0.000976562	-0.786404	-1.14821	-2.07694	0	0	0
469	0.000976562	-2.36813	-1.09955	1.17196	0	0	0
464	0.000976562	-1.30914	-0.616897	-1.35195	0	0	0
460	0.000976562	-2.24424	-0.163181	-0.387714	0	0	0
140	0.000976562	-1.03506	-1.03447	-0.312523	0	0	0
141	0.000976562	-0.394215	-0.789646	2.49604	0	0	0
457	0.000976562	-0.975941	-2.23288	-0.398204	0	0	0
440	0.000976562	-0.475077	-1.73836	0.945846	0	0	0
437	0.000976562	-1.66965	-1.05835	-1.7433	0	0	0
427	0.000976562	-0.527185	-2.31421	0.120809	0	0	0
426	0.000976562	-1.05524	-0.859252	-0.590722	0	0	0
424	0.000976562	-2.00922	-0.738374	1.46626	0	0	0
423	0.000976562	-1.42537	-0.497503	-0.267467	0	0	0
422	0.000976562	-1.50794	-1.04358	0.0102778	0	0	0
411	0.000976562	-1.4312	-2.00806	-1.12106	0	0	0
395	0.000976562	-1.21514	-0.477955	-2.41352	0	0	0
394	0.000976562	-1.70158	-0.899017	-1.32928	0	0	0
153	0.000976562	-1.20356	-2.02812	-1.01218	0	0	0
388	0.000976562	-0.821872	-0.643891	2.69007	0	0	0
384	0.000976562	-0.825999	-2.3289	-0.834926	0	0	0
383	0.000976562	-1.59942	-0.813185	-1.41644	0	0	0
157	0.000976562	-1.91391	-0.860693	-0.113419	0	0	0
379	0.000976562	-2.14076	-1.37748	-0.429016	0	0	0
378	0.000976562	-1.58538	-0.910832	-1.85222	0	0	0
376	0.000976562	-0.445362	-1.21494	0.0157645	0	0	0
366	0.000976562	-1.2916	-1.35525	-0.99274	0	0	0
362	0.000976562	-1.33519	-0.757569	1.66671	0	0	0
361	0.000976562	-2.20598	-1.44317	-1.33301	0	0	0
358	0.000976562	-1.45083	-1.33187	1.75494	0	0	0
165	0.000976562	-2.34784	-1.20846	-0.253563	0	0	0
166	0.000976562	-2.86698	-0.464034	-0.0570325	0	0	0
349	0.000976562	-0.504815	-0.406087	2.56381	0	0	0
347	0.000976562	-1.12398	-1.44407	-1.32617	0	0	0
169	0.000976562	-0.892722	-1.40743	-1.40196	0	0	0
344	0.000976562	-2.71758	-0.150359	1.11009	0	0	0
340	0.000976562	-0.636126	-2.7581	-0.384053	0	0	0
339	0.000976562	-1.60804	-0.978183	1.25638	0	0	0
337	0.000976562	-1.56954	-1.8327	1.53492	0	0	0
336	0.000976562	-1.61028	-0.373579	0.669154	0	0	0
334	0.000976562	-1.23725	-1.45778	0.505044	0	0	0
318	0.000976562	-0.431762	-1.32507	-2.2042	0	0	0
317	0.000976562	-1.97461	-1.97691	-0.491606	0	0	0
312	0.000976562	-0.739148	-0.779088	0.705926	0	0	0
309	0.000976562	-0.51007	-2.02481	-2.02135	0	0	0
180	0.000976562	-1.7759	-0.392201	-0.847237	0	0	0
181	0.000976562	-2.01057	-0.285482	-1.41698	0	0	0
304	0.000976562	-0.857114	-1.04533	0.477876	0	0	0
296	0.000976562	-0.898155	-1.76856	-0.514976	0	0	0
184	0.000976562	-2.34369	-0.579813	-1.66648	0	0	0
293	0.000976562	-1.06415	-1.22505	-0.326032	0	0	0
290	0.000976562	-1.94103	-1.72193	1.16856	0	0	0
187	0.000976562	-1.60925	-1.32147	1.80775	0	0	0
286	0.000976562	-0.949052	-2.02144	1.71057	0	0	0
189	0.000976562	-1.19776	-0.603302	-0.0761518	0	0	0
280	0.000976562	-1.39446	-0.722133	-1.67811	0	0	0
278	0.000976562	-0.401624	-1.00924	-2.54904	0	0	0
271	0.000976562	-0.66268	-2.36899	-0.0323131	0	0	0
270	0.000976562	-1.81667	-1.21575	-1.99333	0	0	0
265	0.000976562	-0.491076	-0.530909	1.17829	0	0	0
257	0.000976562	-1.83267	-0.85408	0.0454058	0	0	0
256	0.000976562	-0.488681	-0.635329	-0.63505	0	0	0
246	0.000976562	-2.16206	-1.76978	-0.10753	0	0	0
236	0.000976562	-0.746196	-0.810813	-0.724177	0	0	0
225	0.000976562	-2.35258	-0.481084	-1.21702	0	0	0
223	0.000976562	-2.18764	-1.03448	-1.20128	0	0	0
221	0.000976562	-0.799445	-1.72613	-0.0708956	0	0	0
220	0.000976562	-1.08241	-1.92487	0.343015	0	0	0
213	0.000976562	-1.21733	-1.11398	-0.858449	0	0	0
212	0.000976562	-0.748304	-0.451046	1.1245	0	0	0
209	0.000976562	-1.56754	-1.30589	-1.44543	0	0	0
2	0.000976562	-0.69203	1.81662	0.179585	0	0	0
5	0.000976562	-1.40535	1.71168	-0.256882	0	0	0
15	0.000976562	-1.08127	1.07074	-2.203	0	0	0
21	0.000976562	-1.25221	0.774366	-0.421172	0	0	0
27	0.000976562	-2.57768	1.25085	-0.272528	0	0	0
30	0.000976562	-2.00451	0.795143	0.469587	0	0	0
38	0.000976562	-1.35143	1.85455	-1.87997	0	0	0
41	0.000976562	-2.20027	1.36743	-0.617426	0	0	0
44	0.000976562	-2.49214	0.379428	0.513072	0	0	0
56	0.000976562	-2.53094	0.179284	-1.15292	0	0	0
66	0.000976562	-2.03619	0.839664	-0.603179	0	0	0
68	0.000976562	-2.01495	0.898844	-0.0519522	0	0	0
70	0.000976562	-1.5163	1.06143	0.110067	0	0	0
71	0.000976562	-0.448146	0.3944	-1.27148	0	0	0
75	0.000976562	-0.746902	1.559	-1.56694	0	0	0
82	0.000976562	-1.5022	0.101471	-1.1315	0	0	0
83	0.000976562	-0.75447	0.216096	1.50979	0	0	0
88	0.000976562	-0.756605	0.249496	2.53888	0	0	0
89	0.000976562	-0.937014	0.799659	-1.31938	0	0	0
100	0.000976562	-2.61343	0.709769	-0.127905	0	0	0
103	0.000976562	-0.932329	0.612434	0.961275	0	0	0
106	0.000976562	-2.10583	1.17588	0.946787	0	0	0
113	0.000976562	-2.33397	0.704122	1.22552	0	0	0
114	0.000976562	-0.567218	0.211376	-0.803185	0	0	0
119	0.000976562	-0.805412	0.072652	-0.735449	0	0	0
122	0.000976562	-1.19026	0.363276	2.59113	0	0	0
124	0.000976562	-1.08328	2.21894	-0.242765	0	0	0
129	0.000976562	-2.34697	0.475579	-1.51444	0	0	0
131	0.000976562	-0.848132	0.796266	-1.26236	0	0	0
134	0.000976562	-2.29871	1.4336	0.830989	0	0	0
139	0.000976562	-1.45118	2.30761	-0.0424309	0	0	0
144	0.000976562	-0.925497	1.69151	1.42158	0	0	0
154	0.000976562	-2.57957	1.30053	-0.622385	0	0	0
155	0.000976562	-1.12764	1.37803	-0.977919	0	0	0
158	0.000976562	-1.67206	0.803637	-2.32481	0	0	0
161	0.000976562	-1.80912	0.275722	-1.2523	0	0	0
162	0.000976562	-1.16764	0.612665	2.53653	0	0	0
167	0.000976562	-1.53061	0.598107	1.52566	0	0	0
168	0.000976562	-1.57767	0.789272	0.843949	0	0	0
170	0.000976562	-1.0923	0.826512	1.37148	0	0	0
171	0.000976562	-1.456	2.00858	-1.59715	0	0	0
172	0.000976562	-1.1289	1.81364	1.29708	0	0	0
176	0.000976562	-0.605168	1.71328	-2.14804	0	0	0
179	0.000976562	-2.59623	-0.0992443	-0.364249	0	0	0
186	0.000976562	-1.33278	0.104331	-0.894398	0	0	0
188	0.000976562	-2.36873	0.870163	1.51241	0	0	0
191	0.000976562	-0.787828	1.3075	0.903421	0	0	0
193	0.000976562	-0.713316	0.428977	1.01553	0	0	0
201	0.000976562	-1.43642	1.61544	-0.234533	0	0	0
206	0.000976562	-0.380559	1.83901	1.07127	0	0	0
208	0.000976562	-0.587402	1.67544	0.172504	0	0	0
215	0.000976562	-1.26976	0.355811	0.266332	0	0	0
222	0.000976562	-1.79154	1.10819	0.871555	0	0	0
233	0.000976562	-1.81397	1.09544	2.06406	0	0	0
240	0.000976562	-0.564038	0.673936	1.6378	0	0	0
241	0.000976562	-0.514163	1.32662	1.74543	0	0	0
244	0.000976562	-2.54972	0.0120713	1.31157	0	0	0
245	0.000976562	-1.1271	0.0568817	1.21693	0	0	0
247	0.000976562	-1.2032	2.24163	0.52388	0	0	0
248	0.000976562	-0.900688	2.15927	1.83549	0	0	0
250	0.000976562	-0.381828	0.611833	1.34056	0	0	0
261	0.000976562	-0.501928	0.186183	-0.282942	0	0	0
268	0.000976562	-0.471278	1.43712	2.41027	0	0	0
269	0.000976562	-1.13151	0.158872	-0.498064	0	0	0
273	0.000976562	-1.36982	0.763371	-0.688145	0	0	0
275	0.000976562	-1.7476	1.79708	-1.35369	0	0	0
288	0.000976562	-1.11051	0.140724	-1.18357	0	0	0
292	0.000976562	-1.71658	-0.0740416	-2.32135	0	0	0
320	0.000976562	-0.961592	0.53125	2.12263	0	0	0
327	0.000976562	-0.739383	0.475246	1.01408	0	0	0
329	0.000976562	-0.540615	0.176867	0.997313	0	0	0
335	0.000976562	-1.44446	-0.0934126	2.01127	0	0	0
343	0.000976562	-1.07384	1.96722	0.243435	0	0	0
348	0.000976562	-1.08226	1.43996	0.421392	0	0	0
353	0.000976562	-2.30515	0.30761	0.797641	0	0	0
355	0.000976562	-0.954773	0.894084	0.628913	0	0	0
356	0.000976562	-0.677712	0.255679	0.877047	0	0	0
360	0.000976562	-1.01291	2.45375	-0.0430801	0	0	0
363	0.000976562	-1.78665	2.12782	1.18416	0	0	0
364	0.000976562	-0.794733	0.241319	0.263054	0	0	0
367	0.000976562	-1.31461	0.556352	-0.267779	0	0	0
370	0.000976562	-0.924466	1.41227	-0.0631858	0	0	0
373	0.000976562	-0.479325	2.53062	0.0273826	0	0	0
389	0.000976562	-1.40793	-0.0991539	1.87449	0	0	0
399	0.000976562	-0.703546	2.27176	-1.11519	0	0	0
401	0.000976562	-0.5153	0.600863	-2.83545	0	0	0
404	0.000976562	-0.575229	0.417412	-2.89154	0	0	0
406	0.000976562	-0.451381	0.386976	1.45827	0	0	0
408	0.000976562	-0.728098	1.08771	-0.1638	0	0	0
412	0.000976562	-1.44493	1.60727	1.40487	0	0	0
418	0.000976562	-0.962055	0.758813	2.27778	0	0	0
425	0.000976562	-0.445647	1.90798	1.31911	0	0	0
430	0.000976562	-2.439	1.17935	1.30236	0	0	0
432	0.000976562	-1.00898	2.1377	-0.261166	0	0	0
435	0.000976562	-0.653961	0.572022	-1.16858	0	0	0
441	0.000976562	-0.749636	1.77667	-0.501415	0	0	0
447	0.000976562	-2.04432	1.05676	1.43663	0	0	0
449	0.000976562	-2.17493	1.18402	0.618669	0	0	0
451	0.000976562	-1.52274	0.623951	0.680767	0	0	0
452	0.000976562	-1.59707	0.00162599	-0.101413	0	0	0
461	0.000976562	-2.08904	0.629254	0.231956	0	0	0
462	0.000976562	-1.80224	0.684502	-0.952397	0	0	0
463	0.000976562	-1.56245	0.128677	-1.24389	0	0	0
465	0.000976562	-1.72842	1.69315	-1.01969	0	0	0
466	0.000976562	-0.847562	2.35723	-0.778817	0	0	0
473	0.000976562	-0.636526	0.375693	-2.25568	0	0	0
477	0.000976562	-1.30418	1.21019	-0.58984	0	0	0
484	0.000976562	-2.54996	0.536982	-0.611112	0	0	0
486	0.000976562	-2.25112	0.522734	-1.28839	0	0	0
488	0.000976562	-0.587639	1.80832	0.897026	0	0	0
489	0.000976562	-0.779584	-0.0897115	-0.422891	0	0	0
490	0.000976562	-1.45288	0.454156	-1.0856	0	0	0
493	0.000976562	-1.76341	1.9263	0.41314	0	0	0
497	0.000976562	-0.886471	1.86986	-0.803523	0	0	0
499	0.000976562	-0.500476	1.19967	-1.58803	0	0	0
501	0.000976562	-1.28312	2.7164	0.283012	0	0	0
502	0.000976562	-1.051	1.94754	1.19062	0	0	0
503	0.000976562	-0.508904	0.843983	1.67772	0	0	0
506	0.000976562	-0.657256	1.25138	0.810893	0	0	0
512	0.000976562	-2.05797	0.0941501	-1.43967	0	0	0
515	0.000976562	-1.09317	1.76732	0.667494	0	0	0
520	0.000976562	-0.445621	2.2361	1.80131	0	0	0
532	0.000976562	-0.514977	1.30096	0.734782	0	0	0
533	0.000976562	-0.592416	0.417771	1.86141	0	0	0
534	0.000976562	-1.12026	0.640287	-1.94929	0	0	0
540	0.000976562	-0.664085	1.83829	0.919757	0	0	0
542	0.000976562	-0.386865	1.03317	-2.23127	0	0	0
552	0.000976562	-0.655278	2.58767	0.408647	0	0	0
559	0.000976562	-1.85524	-0.0310857	-1.99866	0	0	0
560	0.000976562	-0.405895	2.3853	0.820279	0	0	0
561	0.000976562	-1.0567	1.21414	-0.0195848	0	0	0
568	0.000976562	-1.41121	0.961889	0.332788	0	0	0
573	0.000976562	-1.45223	0.298784	1.87448	0	0	0
581	0.000976562	-0.71079	2.23946	-1.89593	0	0	0
582	0.000976562	-1.09725	1.70834	-0.979751	0	0	0
584	0.000976562	-1.18828	2.38823	-0.228486	0	0	0
586	0.000976562	-1.41699	0.087146	-0.550405	0	0	0
590	0.000976562	-1.77416	1.38372	1.96533	0	0	0
592	0.000976562	-0.784176	0.315071	0.803718	0	0	0
593	0.000976562	-1.71044	1.63967	-0.0755416	0	0	0
594	0.000976562	-0.493881	2.08206	-0.420396	0	0	0
602	0.000976562	-2.36197	0.315781	0.772889	0	0	0
603	0.000976562	-1.10836	2.03428	1.69869	0	0	0
607	0.000976562	-2.24015	0.729046	-1.55167	0	0	0
614	0.000976562	-2.07983	0.526778	-1.71485	0	0	0
620	0.000976562	-1.13949	0.829372	0.037365	0	0	0
623	0.000976562	-2.12068	1.32736	-0.462783	0	0	0
624	0.000976562	-0.982952	1.91785	1.1349	0	0	0
633	0.000976562	-1.87088	1.11356	-1.33139	0	0	0
635	0.000976562	-1.80753	0.233505	1.03531	0	0	0
638	0.000976562	-1.3372	0.2766	-1.79313	0	0	0
640	0.000976562	-2.26108	0.846376	-1.36154	0	0	0
654	0.000976562	-0.499147	2.51079	-0.0159402	0	0	0
656	0.000976562	-1.13451	0.717095	1.58293	0	0	0
659	0.000976562	-1.62667	1.55687	1.87856	0	0	0
661	0.000976562	-0.602089	0.810339	-0.0152041	0	0	0
669	0.000976562	-1.13735	0.857496	-2.21456	0	0	0
671	0.000976562	-0.989979	0.163657	1.21145	0	0	0
674	0.000976562	-2.28997	0.836223	-0.506505	0	0	0
678	0.000976562	-0.819127	0.415101	-2.53572	0	0	0
700	0.000976562	-2.21712	1.39986	-1.17904	0	0	0
701	0.000976562	-0.910376	0.862158	-1.93816	0	0	0
706	0.000976562	-1.21696	0.768532	-1.35603	0	0	0
711	0.000976562	-1.31285	0.457726	0.748374	0	0	0
714	0.000976562	-2.05418	0.198562	-1.4178	0	0	0
724	0.000976562	-1.85001	0.449897	1.11926	0	0	0
734	0.000976562	-0.961974	-0.0377076	-0.754609	0	0	0
736	0.000976562	-0.812798	1.23293	-0.599111	0	0	0
740	0.000976562	-1.06233	1.80947	-0.705111	0	0	0
742	0.000976562	-1.38517	1.56049	0.914072	0	0	0
743	0.000976562	-0.545717	1.52806	-2.31349	0	0	0
750	0.000976562	-2.44267	0.835291	0.165194	0	0	0
752	0.000976562	-1.81231	0.486296	0.215915	0	0	0
753	0.000976562	-0.653931	1.86954	1.39316	0	0	0
755	0.000976562	-0.424513	0.061364	-0.306699	0	0	0
756	0.000976562	-2.05716	0.734809	-1.02179	0	0	0
759	0.000976562	-1.9698	1.8775	-0.362924	0	0	0
767	0.000976562	-1.64424	0.292698	2.3712	0	0	0
772	0.000976562	-0.58704	1.59052	-0.403446	0	0	0
786	0.000976562	-1.61237	-0.120687	0.485195	0	0	0
793	0.000976562	-2.3997	1.47876	0.952792	0	0	0
796	0.000976562	-1.34095	0.292779	2.29083	0	0	0
798	0.000976562	-0.958854	0.146117	-2.1627	0	0	0
804	0.000976562	-0.777594	1.09751	-2.16153	0	0	0
806	0.000976562	-1.33903	1.86	-1.46313	0	0	0
810	0.000976562	-1.04588	0.604092	-2.21673	0	0	0
820	0.000976562	-0.6636	0.710195	-0.4476	0	0	0
826	0.000976562	-0.533171	2.84135	0.32315	0	0	0
829	0.000976562	-2.61734	0.0270746	0.934321	0	0	0
836	0.000976562	-0.565529	1.51467	-2.05291	0	0	0
845	0.000976562	-0.577589	0.28385	-2.09631	0	0	0
850	0.000976562	-0.629539	0.113187	-1.72428	0	0	0
859	0.000976562	-2.86502	0.483688	-0.363284	0	0	0
860	0.000976562	-1.48626	0.263469	-2.42239	0	0	0
868	0.000976562	-0.600556	2.81783	-0.793103	0	0	0
875	0.000976562	-0.830576	1.37943	1.16571	0	0	0
883	0.000976562	-1.14478	2.65531	0.109053	0	0	0
884	0.000976562	-0.642392	0.316127	-2.12233	0	0	0
890	0.000976562	-0.939707	1.45367	1.25217	0	0	0
894	0.000976562	-1.45214	1.8511	0.40717	0	0	0
898	0.000976562	-2.3499	0.424281	-0.283424	0	0	0
901	0.000976562	-1.72544	0.797749	-0.985589	0	0	0
904	0.000976562	-0.780979	0.918396	-2.13895	0	0	0
905	0.000976562	-1.25803	1.14137	2.07348	0	0	0
910	0.000976562	-1.8918	1.97947	0.224775	0	0	0
915	0.000976562	-0.482238	0.530103	2.36852	0	0	0
917	0.000976562	-0.70292	1.45145	2.05062	0	0	0
924	0.000976562	-0.470249	0.958331	1.80254	0	0	0
926	0.000976562	-1.50599	0.111612	1.54289	0	0	0
930	0.000976562	-2.22553	1.72686	-1.0821	0	0	0
932	0.000976562	-0.542116	1.39283	2.61802	0	0	0
937	0.000976562	-2.68789	0.728933	-0.257742	0	0	0
940	0.000976562	-0.734461	0.140564	-1.01137	0	0	0
944	0.000976562	-1.92457	0.180318	-1.15021	0	0	0
951	0.000976562	-0.647182	2.23327	-0.854733	0	0	0
955	0.000976562	-1.19654	-0.119471	-2.0517	0	0	0
956	0.000976562	-2.11955	1.21677	1.29603	0	0	0
958	0.000976562	-0.606853	1.96561	2.11835	0	0	0
961	0.000976562	-1.91818	2.16033	0.0646493	0	0	0
966	0.000976562	-1.36389	0.65127	0.931995	0	0	0
970	0.000976562	-1.93966	0.69212	1.42326	0	0	0
977	0.000976562	-0.707559	0.334832	2.68345	0	0	0
979	0.000976562	-0.772543	0.526014	1.80772	0	0	0
988	0.000976562	-0.763407	2.57371	-0.238021	0	0	0
992	0.000976562	-1.43116	-0.0485141	-0.457114	0	0	0
998	0.000976562	-2.3798	0.321348	0.661379	0	0	0
1009	0.000976562	-0.681853	2.13858	0.375964	0	0	0
1013	0.000976562	-1.0155	1.26104	-0.783048	0	0	0
1018	0.000976562	-1.84731	1.58763	-0.675519	0	0	0
1021	0.000976562	-2.40588	0.711567	-0.786718	0	0	0
1022	0.000976562	-1.71847	0.613419	-1.33794	0	0	0
1	0.000976562	0.27662	-0.391798	0.88158	0	0	0
3	0.000976562	1.80227	-0.164851	1.68939	0	0	0
4	0.000976562	2.67533	0.197363	-0.505813	0	0	0
7	0.000976562	1.09824	-0.77668	-0.371593	0	0	0
14	0.000976562	0.406929	-1.34139	0.145704	0	0	0
16	0.000976562	1.30528	-1.19729	-1.89464	0	0	0
20	0.000976562	0.871262	-0.390597	0.644575	0	0	0
24	0.000976562	0.91994	-0.345216	2.3855	0	0	0
28	0.000976562	1.38726	-1.90395	0.132435	0	0	0
29	0.000976562	1.76951	-1.59018	-0.921674	0	0	0
33	0.000976562	-0.0499266	-1.56924	-1.46765	0	0	0
35	0.000976562	1.18538	-0.667216	-1.91616	0	0	0
36	0.000976562	-0.270498	0.285748	2.38624	0	0	0
40	0.000976562	-0.211227	-1.26795	0.526922	0	0	0
42	0.000976562	0.399848	-1.83405	-2.1247	0	0	0
43	0.000976562	-0.0643418	-0.800051	2.64881	0	0	0
46	0.000976562	0.525782	-2.55	-0.0800187	0	0	0
48	0.000976562	0.0752344	-1.58782	-2.40672	0	0	0
52	0.000976562	1.18107	-1.23261	-0.714223	0	0	0
61	0.000976562	1.35233	-0.539575	2.43048	0	0	0
67	0.000976562	-0.267705	-0.973522	-1.59732	0	0	0
72	0.000976562	1.24677	-0.444586	-0.830511	0	0	0
74	0.000976562	2.29764	-1.29911	-0.719443	0	0	0
77	0.000976562	2.04246	-1.50728	0.0205524	0	0	0
79	0.000976562	0.28863	-1.28479	0.559598	0	0	0
80	0.000976562	2.38789	-0.493327	0.318685	0	0	0
87	0.000976562	2.28273	0.328341	-1.29759	0	0	0
92	0.000976562	-0.340466	0.185987	1.16995	0	0	0
96	0.000976562	-0.351097	-2.47481	1.18499	0	0	0
98	0.000976562	-0.168786	-0.664256	2.88338	0	0	0
105	0.000976562	1.19681	-0.920738	-2.10767	0	0	0
107	0.000976562	0.493812	-1.48438	-1.97963	0	0	0
109	0.000976562	1.03562	-0.865418	1.28882	0	0	0
110	0.000976562	0.842442	-0.53876	-0.403224	0	0	0
115	0.000976562	2.06398	-0.694431	-1.6566	0	0	0
118	0.000976562	0.176725	-0.837085	1.69509	0	0	0
121	0.000976562	1.09776	-1.26969	0.152495	0	0	0
123	0.000976562	0.131889	-1.33048	2.27061	0	0	0
125	0.000976562	-0.325156	-0.917113	2.29028	0	0	0
126	0.000976562	2.54386	-1.16927	-0.275219	0	0	0
130	0.000976562	0.845551	-0.48391	-0.729345	0	0	0
133	0.000976562	1.82468	-1.97885	0.640487	0	0	0
135	0.000976562	1.91136	-0.0948691	2.29992	0	0	0
136	0.000976562	1.40706	-0.47537	-0.752718	0	0	0
138	0.000976562	1.27006	-1.87169	-0.0926756	0	0	0
145	0.000976562	-0.0742168	-0.243512	0.413292	0	0	0
146	0.000976562	0.734336	0.0553504	2.20695	0	0	0
147	0.000976562	0.773729	-0.525159	-0.493634	0	0	0
148	0.000976562	1.87235	-0.844575	-1.72506	0	0	0
149	0.000976562	0.406357	-0.726222	-0.93973	0	0	0
150	0.000976562	1.55151	-1.04629	0.950129	0	0	0
151	0.000976562	0.111277	-0.0239331	2.41319	0	0	0
159	0.000976562	-0.23886	-0.999726	-1.09478	0	0	0
174	0.000976562	1.15637	-2.2803	-1.40589	0	0	0
177	0.000976562	0.154783	-0.808378	-2.27212	0	0	0
178	0.000976562	0.697669	0.380907	-1.21809	0	0	0
182	0.000976562	1.90551	0.381761	2.11707	0	0	0
183	0.000976562	1.37867	-0.95582	1.75678	0	0	0
185	0.000976562	1.10968	-2.31905	-0.611629	0	0	0
190	0.000976562	0.995314	-0.3954	-1.79984	0	0	0
192	0.000976562	2.47603	-1.2757	-0.776643	0	0	0
195	0.000976562	0.022039	-1.91481	-2.10351	0	0	0
196	0.000976562	1.55176	-1.712	0.404085	0	0	0
197	0.000976562	0.992503	-0.523598	-2.47902	0	0	0
199	0.000976562	0.339085	-0.559925	2.73901	0	0	0
200	0.000976562	0.597216	-2.22023	-0.488549	0	0	0
202	0.000976562	0.838976	-0.353746	-2.77933	0	0	0
203	0.000976562	1.62809	0.0789065	1.72335	0	0	0
205	0.000976562	1.81211	0.359351	-0.153827	0	0	0
207	0.000976562	2.48702	-1.10345	0.35414	0	0	0
217	0.000976562	0.104063	-1.61456	-1.34801	0	0	0
218	0.000976562	-0.325806	0.0806328	0.246503	0	0	0
219	0.000976562	0.880586	-0.864587	-2.38714	0	0	0
227	0.000976562	-0.05457	-2.1436	-0.611702	0	0	0
228	0.000976562	1.23373	-1.22441	-2.36986	0	0	0
231	0.000976562	0.652593	0.225777	0.23389	0	0	0
234	0.000976562	2.39585	-1.00489	-0.148675	0	0	0
235	0.000976562	0.0959232	-2.09109	1.28357	0	0	0
237	0.000976562	0.954493	-0.777008	2.40842	0	0	0
242	0.000976562	2.29331	0.401899	1.45583	0	0	0
243	0.000976562	0.357021	-0.363456	2.54517	0	0	0
249	0.000976562	0.0942026	0.347482	-0.95318	0	0	0
264	0.000976562	0.584427	-0.360868	0.337379	0	0	0
266	0.000976562	1.63378	-1.245	-0.730171	0	0	0
267	0.000976562	1.18464	-2.27631	0.401286	0	0	0
274	0.000976562	1.22776	-0.815277	-2.06723	0	0	0
277	0.000976562	0.738615	0.238722	-0.177478	0	0	0
283	0.000976562	0.0223769	-2.76355	0.361705	0	0	0
285	0.000976562	0.653772	-0.00713965	-2.91389	0	0	0
287	0.000976562	0.341296	-2.32602	-0.0927804	0	0	0
289	0.000976562	0.604809	-0.352642	2.46077	0	0	0
291	0.000976562	1.68224	0.00956733	0.664334	0	0	0
294	0.000976562	-0.26514	-1.67611	-0.909026	0	0	0
297	0.000976562	0.608427	-1.58372	2.03017	0	0	0
298	0.000976562	2.18332	-1.408	1.00192	0	0	0
299	0.000976562	1.26062	-2.25722	0.356676	0	0	0
301	0.000976562	0.0814154	-0.185601	0.302727	0	0	0
303	0.000976562	0.0122897	-1.21481	-1.28273	0	0	0
305	0.000976562	1.10893	-1.32123	-2.21521	0	0	0
306	0.000976562	0.873703	-2.57145	0.694792	0	0	0
308	0.000976562	1.69263	-1.93578	0.322335	0	0	0
314	0.000976562	0.870505	0.0769118	1.87533	0	0	0
315	0.000976562	-0.136176	0.205209	-1.49066	0	0	0
316	0.000976562	0.637579	-1.1163	0.46992	0	0	0
321	0.000976562	1.93514	-0.655728	0.435517	0	0	0
324	0.000976562	0.618983	-2.55351	-0.53464	0	0	0
325	0.000976562	1.12802	-1.20827	1.62021	0	0	0
326	0.000976562	0.201337	-2.24401	-0.632006	0	0	0
328	0.000976562	2.0523	0.0496614	-0.641654	0	0	0
330	0.000976562	0.580831	-0.0140905	1.16154	0	0	0
331	0.000976562	1.92546	-0.0030722	-2.18818	0	0	0
333	0.000976562	1.23916	-0.739669	-0.62132	0	0	0
341	0.000976562	2.45696	-0.479598	-1.00029	0	0	0
342	0.000976562	1.35176	-1.71335	-1.93716	0	0	0
350	0.000976562	0.977902	-2.45092	0.259337	0	0	0
365	0.000976562	1.29164	0.165609	-2.19533	0	0	0
369	0.000976562	0.117519	-1.16783	0.834723	0	0	0
371	0.000976562	1.93735	0.353713	1.10018	0	0	0
375	0.000976562	1.27035	0.0969536	-0.121148	0	0	0
377	0.000976562	2.28383	-1.28369	0.00944044	0	0	0
380	0.000976562	-0.106068	-1.42459	2.26631	0	0	0
381	0.000976562	-0.29351	-1.57095	-1.24379	0	0	0
382	0.000976562	1.66532	-1.29363	-0.710287	0	0	0
385	0.000976562	2.33451	-1.14219	-0.762176	0	0	0
387	0.000976562	1.67048	-2.19465	-0.206842	0	0	0
391	0.000976562	-0.0228497	-1.81646	-1.86339	0	0	0
396	0.000976562	0.948954	-2.75612	-0.0843527	0	0	0
398	0.000976562	0.515188	-2.3861	0.609042	0	0	0
400	0.000976562	0.466891	-0.374299	2.26379	0	0	0
402	0.000976562	1.0953	-1.9678	-0.230204	0	0	0
403	0.000976562	0.725953	-1.30643	-2.40071	0	0	0
405	0.000976562	0.361601	0.133492	1.76967	0	0	0
407	0.000976562	2.3902	-0.65352	0.616017	0	0	0
413	0.000976562	1.02543	-1.63545	2.17706	0	0	0
414	0.000976562	2.74675	0.255908	0.902452	0	0	0
415	0.000976562	0.0114731	-1.23238	-1.2769	0	0	0
416	0.000976562	2.15771	-0.163891	-0.790276	0	0	0
419	0.000976562	0.0474536	-2.2429	1.91865	0	0	0
420	0.000976562	2.12802	-0.796208	1.54899	0	0	0
421	0.000976562	2.92529	0.224203	-0.169391	0	0	0
428	0.000976562	-0.294513	-1.22556	-2.06457	0	0	0
431	0.000976562	2.18032	0.114539	-0.22722	0	0	0
436	0.000976562	0.253594	-1.12937	1.43616	0	0	0
439	0.000976562	0.353225	-1.02649	0.691266	0	0	0
443	0.000976562	2.73084	-0.600623	0.486697	0	0	0
444	0.000976562	1.80315	-1.71359	0.426497	0	0	0
445	0.000976562	1.4819	-0.815509	-0.387491	0	0	0
446	0.000976562	0.4597	-0.131076	1.52447	0	0	0
450	0.000976562	0.549849	0.341395	2.64079	0	0	0
454	0.000976562	1.55751	-1.93484	0.19802	0	0	0
455	0.000976562	1.95195	-1.86743	-0.204251	0	0	0
456	0.000976562	0.661796	-1.82508	1.54681	0	0	0
458	0.000976562	0.966145	-2.3668	-1.15617	0	0	0
467	0.000976562	0.802374	0.154026	-2.16744	0	0	0
470	0.000976562	-0.272855	-0.327748	-1.32297	0	0	0
472	0.000976562	1.2279	-0.921907	-2.36384	0	0	0
474	0.000976562	1.91696	0.0504517	-1.58749	0	0	0
479	0.000976562	2.59297	-0.0833662	1.32212	0	0	0
481	0.000976562	1.19481	-1.28599	2.17465	0	0	0
482	0.000976562	1.75196	-1.76947	-1.00876	0	0	0
483	0.000976562	1.95914	-1.4701	-1.00417	0	0	0
485	0.000976562	0.804632	-1.33496	2.46371	0	0	0
487	0.000976562	1.17785	-0.305852	-0.757364	0	0	0
496	0.000976562	2.41696	0.117332	0.65537	0	0	0
500	0.000976562	-0.141395	-1.20997	2.2843	0	0	0
504	0.000976562	0.744881	-2.24557	0.626301	0	0	0
510	0.000976562	2.00819	-1.27611	-1.4305	0	0	0
511	0.000976562	0.367005	-0.0644332	-0.317948	0	0	0
513	0.000976562	1.6505	-0.499924	0.564415	0	0	0
514	0.000976562	1.48631	-0.448401	-0.832295	0	0	0
516	0.000976562	1.71182	-0.465703	1.49167	0	0	0
518	0.000976562	-0.266707	-1.41645	2.3589	0	0	0
525	0.000976562	1.26487	-1.49458	2.234	0	0	0
531	0.000976562	0.720523	-1.47225	-1.92799	0	0	0
535	0.000976562	-0.133437	-1.89529	-0.219226	0	0	0
544	0.000976562	0.138803	-0.727367	1.58262	0	0	0
545	0.000976562	1.38141	-1.36818	-1.61469	0	0	0
546	0.000976562	0.564068	0.374735	1.88748	0	0	0
554	0.000976562	2.41837	-0.82467	-1.22984	0	0	0
555	0.000976562	2.55435	-0.827285	0.919687	0	0	0
562	0.000976562	0.381355	-1.33909	0.766036	0	0	0
566	0.000976562	2.24293	-1.57714	0.380627	0	0	0
569	0.000976562	1.31043	-0.808891	0.282299	0	0	0
574	0.000976562	-0.00688051	-1.26098	-1.1792	0	0	0
575	0.000976562	1.46918	-0.311085	-0.481053	0	0	0
576	0.000976562	2.46577	-0.625948	-1.26263	0	0	0
583	0.000976562	1.01625	-1.20694	-1.87116	0	0	0
585	0.000976562	1.54217	-1.57966	0.593742	0	0	0
587	0.000976562	1.5788	0.222916	1.95539	0	0	0
588	0.000976562	-0.242108	-0.14259	-0.0311399	0	0	0
591	0.000976562	0.489728	-0.157688	-1.79556	0	0	0
597	0.000976562	0.378789	-0.919827	-0.240686	0	0	0
599	0.000976562	1.77753	-0.718387	-1.11808	0	0	0
601	0.000976562	1.18553	-1.49215	-1.04183	0	0	0
604	0.000976562	0.459161	-2.06363	1.1905	0	0	0
605	0.000976562	1.63513	-1.1318	0.707142	0	0	0
609	0.000976562	1.35269	-0.162856	-0.530312	0	0	0
610	0.000976562	1.68342	0.183955	0.969709	0	0	0
613	0.000976562	1.09964	-1.3204	-2.35318	0	0	0
616	0.000976562	1.12315	-0.30404	-2.41685	0	0	0
617	0.000976562	1.99445	0.389649	1.66333	0	0	0
627	0.000976562	1.5538	-0.716772	-0.142354	0	0	0
631	0.000976562	1.39633	-0.877798	-2.25959	0	0	0
636	0.000976562	1.45805	-1.91143	0.221544	0	0	0
637	0.000976562	-0.376021	-1.68438	0.32399	0	0	0
639	0.000976562	2.40698	-0.90511	0.668223	0	0	0
641	0.000976562	2.74651	-0.568801	0.650655	0	0	0
642	0.000976562	1.52276	-0.186514	2.01897	0	0	0
643	0.000976562	1.15409	0.183792	1.83721	0	0	0
644	0.000976562	0.982241	-1.89414	-1.67598	0	0	0
645	0.000976562	2.21349	-0.911959	-0.307942	0	0	0
649	0.000976562	0.158279	-0.435524	-2.36049	0	0	0
650	0.000976562	-0.130234	-2.00308	0.499339	0	0	0
651	0.000976562	0.347637	-1.52365	-2.27567	0	0	0
652	0.000976562	1.697	-1.66424	0.0110859	0	0	0
653	0.000976562	0.163899	-1.65403	-0.0402173	0	0	0
664	0.000976562	1.06052	-1.80568	-1.42207	0	0	0
666	0.000976562	0.612917	-1.03779	1.61863	0	0	0
668	0.000976562	0.624913	-2.21663	-0.356943	0	0	0
670	0.000976562	1.03072	-0.150732	-1.34444	0	0	0
675	0.000976562	2.10087	-1.22938	-0.0582721	0	0	0
676	0.000976562	1.24803	0.33748	-1.09298	0	0	0
677	0.000976562	0.0183386	0.0843653	-2.44737	0	0	0
685	0.000976562	0.970435	0.424861	-1.38079	0	0	0
687	0.000976562	0.761586	0.100435	-1.58469	0	0	0
688	0.000976562	2.21358	-0.374077	-1.38681	0	0	0
689	0.000976562	2.77434	0.0186907	0.415136	0	0	0
690	0.000976562	1.0861	-1.33337	0.904183	0	0	0
691	0.000976562	-0.143474	-0.500476	2.42303	0	0	0
692	0.000976562	0.996465	-1.30199	-0.440002	0	0	0
693	0.000976562	0.501791	-1.72635	-0.304568	0	0	0
696	0.000976562	0.681884	-2.23844	0.630512	0	0	0
697	0.000976562	2.02817	-1.56283	-0.0206958	0	0	0
698	0.000976562	2.07113	0.302828	-0.0633513	0	0	0
704	0.000976562	0.0149097	-0.00781305	2.40176	0	0	0
707	0.000976562	0.00504782	-0.941281	0.0688447	0	0	0
713	0.000976562	1.41596	-0.453416	-0.533475	0	0	0
715	0.000976562	0.808881	-0.54209	2.12854	0	0	0
716	0.000976562	1.6355	-2.04613	0.552767	0	0	0
717	0.000976562	1.28976	0.152918	-2.3101	0	0	0
718	0.000976562	0.0268049	-0.336333	-1.03926	0	0	0
719	0.000976562	0.502534	-0.984493	-1.58044	0	0	0
720	0.000976562	1.42273	-1.6535	1.83795	0	0	0
721	0.000976562	0.109461	-1.39941	-2.02883	0	0	0
722	0.000976562	2.50708	-0.986292	-0.0117619	0	0	0
731	0.000976562	0.705737	0.0376203	-1.61093	0	0	0
732	0.000976562	0.218209	-2.538	0.328501	0	0	0
733	0.000976562	0.79406	-0.777919	-0.503766	0	0	0
735	0.000976562	0.959674	-0.412388	2.2345	0	0	0
737	0.000976562	2.3122	0.0709308	0.768564	0	0	0
739	0.000976562	0.279722	-2.4437	-0.312626	0	0	0
741	0.000976562	0.56704	-2.21228	0.0191167	0	0	0
747	0.000976562	0.521191	-0.472295	1.46435	0	0	0
748	0.000976562	2.44797	-1.15982	0.905618	0	0	0
754	0.000976562	1.13462	0.0823245	-2.73311	0	0	0
757	0.000976562	-0.310586	-2.09322	1.48783	0	0	0
758	0.000976562	0.978043	-1.23201	-1.42833	0	0	0
761	0.000976562	1.0403	-0.988818	1.13127	0	0	0
762	0.000976562	1.48052	-0.123737	-1.31411	0	0	0
764	0.000976562	0.663502	-1.62738	-0.14945	0	0	0
765	0.000976562	1.01304	-1.76182	1.39925	0	0	0
766	0.000976562	1.59027	0.201449	2.15902	0	0	0
769	0.000976562	0.444004	-0.989471	0.959714	0	0	0
771	0.000976562	0.606808	-1.57654	-0.515002	0	0	0
774	0.000976562	0.212543	-1.96484	2.12693	0	0	0
775	0.000976562	0.696212	-2.54983	0.853739	0	0	0
777	0.000976562	1.77829	-1.10721	-0.860973	0	0	0
779	0.000976562	0.334371	-1.81013	-1.04017	0	0	0
781	0.000976562	0.474445	-0.501714	-0.917352	0	0	0
783	0.000976562	0.124134	-1.4351	-1.54977	0	0	0
785	0.000976562	2.06395	0.40904	0.532217	0	0	0
787	0.000976562	0.735446	-0.274811	1.0197	0	0	0
789	0.000976562	0.862979	-0.644965	2.56851	0	0	0
790	0.000976562	-0.108577	-0.470589	2.64304	0	0	0
791	0.000976562	-0.283989	-0.843409	0.533114	0	0	0
794	0.000976562	2.39908	0.230267	-0.191979	0	0	0
801	0.000976562	0.43656	-0.947674	-2.01022	0	0	0
802	0.000976562	-0.0925417	0.0266641	1.67103	0	0	0
803	0.000976562	0.177957	-1.76462	1.89136	0	0	0
805	0.000976562	0.156601	0.299308	2.46235	0	0	0
807	0.000976562	0.722178	-2.34489	1.29947	0	0	0
808	0.000976562	-0.298078	-1.25628	2.24962	0	0	0
809	0.000976562	1.04627	-2.54862	1.0274	0	0	0
814	0.000976562	1.06373	-0.562565	-0.303355	0	0	0
815	0.000976562	2.1444	-1.31738	0.701805	0	0	0
816	0.000976562	0.909234	-0.666356	-1.76809	0	0	0
818	0.000976562	2.14923	-1.35052	0.0242747	0	0	0
819	0.000976562	-0.062055	-1.00423	1.12474	0	0	0
823	0.000976562	1.66856	-1.12905	-1.44984	0	0	0
828	0.000976562	1.60579	-1.10544	2.2416	0	0	0
830	0.000976562	-0.0900488	-1.02509	-0.499753	0	0	0
832	0.000976562	2.07435	-1.00615	0.918627	0	0	0
833	0.000976562	-0.159892	-2.62765	-0.543606	0	0	0
837	0.000976562	0.209407	0.0286768	0.553607	0	0	0
840	0.000976562	0.594572	-1.66625	0.18339	0	0	0
843	0.000976562	1.40528	0.0624001	1.03375	0	0	0
846	0.000976562	1.51976	-0.728663	1.46159	0	0	0
847	0.000976562	1.38798	-1.05578	2.31127	0	0	0
852	0.000976562	1.00789	-1.20494	2.24569	0	0	0
854	0.000976562	0.987271	-0.443002	2.78111	0	0	0
855	0.000976562	0.151626	-0.629285	-2.01893	0	0	0
861	0.000976562	1.47896	-0.847817	-1.98048	0	0	0
862	0.000976562	1.37952	-0.0235716	-1.158	0	0	0
864	0.000976562	0.482866	-0.715396	1.80866	0	0	0
865	0.000976562	1.92288	-0.41057	1.1945	0	0	0
873	0.000976562	1.44652	-0.629139	0.0635879	0	0	0
877	0.000976562	-0.0757069	-1.68274	0.417504	0	0	0
878	0.000976562	0.827069	-2.19127	0.3971	0	0	0
879	0.000976562	0.224409	-2.06491	1.67663	0	0	0
886	0.000976562	1.18039	-1.21051	-2.17919	0	0	0
888	0.000976562	-0.138042	-1.19848	1.85922	0	0	0
889	0.000976562	1.10062	0.354587	1.77686	0	0	0
892	0.000976562	1.52847	0.0273123	-0.854577	0	0	0
893	0.000976562	1.62958	-0.652947	0.739369	0	0	0
896	0.000976562	1.01531	-0.222033	-1.33129	0	0	0
906	0.000976562	0.564707	0.204181	-2.33613	0	0	0
908	0.000976562	-0.235297	0.0246401	-1.4314	0	0	0
911	0.000976562	0.883966	-0.360337	-0.379992	0	0	0
912	0.000976562	-0.246887	-0.0989965	1.0042	0	0	0
916	0.000976562	-0.227694	-1.85654	-0.443395	0	0	0
918	0.000976562	0.273755	-1.77096	1.51393	0	0	0
929	0.000976562	1.3051	-1.90803	-1.10523	0	0	0
931	0.000976562	1.40475	-0.505181	1.49199	0	0	0
933	0.000976562	0.548324	-0.47565	-0.207582	0	0	0
953	0.000976562	1.95965	-0.0731353	1.9571	0	0	0
954	0.000976562	-0.317551	-2.426	-0.239109	0	0	0
959	0.000976562	-0.283122	-0.68017	-2.69135	0	0	0
963	0.000976562	1.07609	-1.27666	1.54606	0	0	0
964	0.000976562	0.023748	-1.35311	-2.52538	0	0	0
965	0.000976562	2.29261	-1.74174	0.410134	0	0	0
972	0.000976562	2.59501	-1.19378	-0.638985	0	0	0
976	0.000976562	1.77689	-1.68938	1.17878	0	0	0
983	0.000976562	1.12211	0.0800073	1.02546	0	0	0
984	0.000976562	2.385	0.26491	-0.0874135	0	0	0
987	0.000976562	0.471892	0.0452615	-2.01706	0	0	0
989	0.000976562	0.0806612	-0.102257	-0.685493	0	0	0
990	0.000976562	0.513918	-0.0648992	-0.810428	0	0	0
991	0.000976562	0.979436	-0.535548	-2.69482	0	0	0
993	0.000976562	-0.243884	-2.75186	0.80466	0	0	0
1000	0.000976562	2.15111	0.150845	1.89396	0	0	0
1004	0.000976562	2.25639	-0.199459	1.74382	0	0	0
1005	0.000976562	0.23712	-0.0765736	0.20241	0	0	0
1008	0.000976562	-0.28387	-2.1881	0.141967	0	0	0
1011	0.000976562	0.135622	-0.833502	-2.34028	0	0	0
1012	0.000976562	1.75631	-0.768954	-1.32032	0	0	0
1023	0.000976562	1.3527	-2.59602	0.187436	0	0	0
0	0.000976562	0.300202	1.35741	0.622796	0	0	0
6	0.000976562	0.679895	0.767877	2.6687	0	0	0
17	0.000976562	0.464265	0.618525	0.439727	0	0	0
18	0.000976562	2.08577	1.26315	-1.20916	0	0	0
19	0.000976562	0.494958	2.35669	1.16141	0	0	0
23	0.000976562	0.552557	0.512224	0.925421	0	0	0
26	0.000976562	1.85123	0.480877	-0.550685	0	0	0
31	0.000976562	0.221117	0.605733	1.38695	0	0	0
45	0.000976562	1.02682	1.77719	-1.3034	0	0	0
47	0.000976562	-0.00833126	0.903108	-0.782277	0	0	0
50	0.000976562	2.17063	1.42854	-1.37182	0	0	0
53	0.000976562	1.1893	1.73845	1.67066	0	0	0
57	0.000976562	0.472578	2.82287	0.879637	0	0	0
59	0.000976562	0.224386	1.15463	-1.32821	0	0	0
60	0.000976562	-0.251211	2.35852	-0.242161	0	0	0
62	0.000976562	1.14747	1.26401	-1.02746	0	0	0
63	0.000976562	1.54799	0.882639	-1.55366	0	0	0
64	0.000976562	-0.243846	0.612178	2.15255	0	0	0
65	0.000976562	-0.249339	2.77752	0.460723	0	0	0
85	0.000976562	1.09041	0.80058	1.26939	0	0	0
91	0.000976562	1.18622	1.94834	0.0650589	0	0	0
94	0.000976562	0.747089	2.38804	0.719173	0	0	0
95	0.000976562	0.0236451	2.60036	0.2545	0	0	0
97	0.000976562	2.39569	1.10177	0.179855	0	0	0
104	0.000976562	1.33576	0.891769	1.88454	0	0	0
111	0.000976562	0.927848	1.42433	0.227754	0	0	0
116	0.000976562	0.365415	1.70701	-0.255327	0	0	0
127	0.000976562	-0.0289324	1.7353	2.07163	0	0	0
137	0.000976562	0.101151	2.40063	1.42989	0	0	0
142	0.000976562	1.39779	1.43155	-1.2543	0	0	0
143	0.000976562	0.473577	1.74135	1.77976	0	0	0
152	0.000976562	0.335191	2.02744	1.35966	0	0	0
156	0.000976562	1.37395	1.95747	-1.68781	0	0	0
160	0.000976562	-0.097174	1.44524	-2.57869	0	0	0
163	0.000976562	1.8389	1.40992	0.361258	0	0	0
164	0.000976562	0.0484983	1.48739	-2.40773	0	0	0
173	0.000976562	0.355628	1.29596	-0.481963	0	0	0
175	0.000976562	2.85789	0.90305	0.130282	0	0	0
194	0.000976562	2.16918	0.984272	-0.928049	0	0	0
198	0.000976562	0.523968	0.481995	0.0787	0	0	0
204	0.000976562	1.49546	1.82768	-1.18988	0	0	0
210	0.000976562	0.201243	1.28541	2.7019	0	0	0
211	0.000976562	1.17184	1.75343	-1.98023	0	0	0
214	0.000976562	1.13942	1.31417	1.60948	0	0	0
216	0.000976562	1.76701	1.0261	0.487643	0	0	0
224	0.000976562	0.211188	2.73149	-0.614124	0	0	0
226	0.000976562	-0.0322377	1.00854	-0.227483	0	0	0
229	0.000976562	2.45471	1.32058	0.697874	0	0	0
230	0.000976562	1.76231	2.08015	-0.0930303	0	0	0
232	0.000976562	1.6216	1.13364	-1.07478	0	0	0
238	0.000976562	-0.31192	2.08822	-1.66284	0	0	0
239	0.000976562	-0.0290079	2.64399	1.0095	0	0	0
251	0.000976562	0.777204	1.68501	1.61973	0	0	0
252	0.000976562	2.40027	0.586576	0.535162	0	0	0
253	0.000976562	1.4494	1.99236	-0.755457	0	0	0
254	0.000976562	-0.276758	1.34858	2.49866	0	0	0
255	0.000976562	0.912805	2.03015	1.11321	0	0	0
258	0.000976562	0.784088	1.45913	2.34688	0	0	0
259	0.000976562	-0.220094	0.89645	-2.38316	0	0	0
260	0.000976562	1.04538	1.87717	-1.88191	0	0	0
262	0.000976562	0.177211	1.09641	-0.171857	0	0	0
263	0.000976562	2.22841	0.43867	-0.256449	0	0	0
272	0.000976562	0.614687	2.07379	-1.56595	0	0	0
276	0.000976562	2.05821	0.466289	-0.132976	0	0	0
279	0.000976562	2.07414	1.69589	0.269745	0	0	0
281	0.000976562	0.773855	2.49617	1.49855	0	0	0
282	0.000976562	0.374046	2.08556	-1.32548	0	0	0
284	0.000976562	2.25302	1.29467	0.744026	0	0	0
295	0.000976562	0.120875	2.28687	0.655245	0	0	0
300	0.000976562	1.32059	2.02036	1.48722	0	0	0
302	0.000976562	1.23518	2.60376	0.708427	0	0	0
307	0.000976562	0.873112	1.35207	-0.0305914	0	0	0
310	0.000976562	1.33947	1.25497	-1.93579	0	0	0
311	0.000976562	1.26272	1.45785	-0.940426	0	0	0
313	0.000976562	1.75501	1.39346	-0.113137	0	0	0
319	0.000976562	-0.221559	1.42373	-0.144554	0	0	0
322	0.000976562	1.68199	1.89704	1.6217	0	0	0
323	0.000976562	0.229314	2.93941	-0.616677	0	0	0
332	0.000976562	2.11109	0.516215	1.44584	0	0	0
338	0.000976562	0.222618	1.07208	1.92899	0	0	0
345	0.000976562	0.237531	0.500974	-1.64512	0	0	0
346	0.000976562	2.09376	0.434665	1.28569	0	0	0
351	0.000976562	0.680406	1.40801	-1.26034	0	0	0
352	0.000976562	2.10149	0.863371	0.239478	0	0	0
354	0.000976562	2.77696	0.967475	0.0416636	0	0	0
357	0.000976562	2.65302	0.520077	0.692421	0	0	0
359	0.000976562	2.4697	0.57425	-1.17249	0	0	0
368	0.000976562	-0.104838	1.19038	1.81257	0	0	0
372	0.000976562	1.84153	1.09484	-0.459339	0	0	0
374	0.000976562	0.73237	2.0642	0.393798	0	0	0
386	0.000976562	2.67417	1.43655	0.106648	0	0	0
390	0.000976562	1.90103	1.56833	-1.26678	0	0	0
392	0.000976562	-0.377632	1.49783	0.165721	0	0	0
393	0.000976562	0.417835	0.721241	2.77567	0	0	0
397	0.000976562	1.53186	1.38074	0.363639	0	0	0
409	0.000976562	1.22136	1.41226	-1.84436	0	0	0
410	0.000976562	0.980366	2.17421	-1.58038	0	0	0
417	0.000976562	0.980422	0.552248	2.22382	0	0	0
429	0.000976562	0.803914	1.8216	1.64621	0	0	0
433	0.000976562	0.554642	1.45403	2.08477	0	0	0
434	0.000976562	0.972112	1.65407	0.243227	0	0	0
438	0.000976562	2.57593	0.97835	0.0325336	0	0	0
442	0.000976562	0.0569488	1.79107	-0.306516	0	0	0
448	0.000976562	0.536531	2.96309	0.00298462	0	0	0
453	0.000976562	-0.274015	1.88754	-0.163626	0	0	0
459	0.000976562	2.02343	0.943359	-1.75555	0	0	0
468	0.000976562	1.5294	1.20754	2.20618	0	0	0
475	0.000976562	0.563878	1.82583	-1.02804	0	0	0
492	0.000976562	0.969066	1.62349	-0.0362538	0	0	0
495	0.000976562	0.994327	2.2724	-0.968361	0	0	0
498	0.000976562	-0.163801	1.97133	-0.278695	0	0	0
507	0.000976562	-0.0348378	1.21084	-2.57505	0	0	0
509	0.000976562	1.0706	0.533455	-1.00943	0	0	0
521	0.000976562	1.09248	2.60632	-0.0356832	0	0	0
522	0.000976562	2.07188	1.82878	0.994288	0	0	0
523	0.000976562	1.74141	1.22224	-0.596662	0	0	0
524	0.000976562	-0.129345	0.488893	0.671452	0	0	0
526	0.000976562	0.580891	2.01797	-1.35103	0	0	0
527	0.000976562	0.443119	0.470919	-1.77955	0	0	0
529	0.000976562	1.51876	1.09053	2.35034	0	0	0
530	0.000976562	0.403851	0.521303	-1.18605	0	0	0
537	0.000976562	1.4131	1.36812	0.513114	0	0	0
538	0.000976562	0.575207	2.63813	1.32533	0	0	0
539	0.000976562	0.473706	0.677481	2.20105	0	0	0
541	0.000976562	1.20725	0.544415	-1.34622	0	0	0
549	0.000976562	2.16901	0.833776	1.65361	0	0	0
550	0.000976562	-0.0820984	0.956755	1.41867	0	0	0
553	0.000976562	1.24543	2.38947	-0.341008	0	0	0
557	0.000976562	1.1019	1.67644	-1.06922	0	0	0
558	0.000976562	0.362577	1.15799	-2.03167	0	0	0
570	0.000976562	1.88043	1.93045	1.29166	0	0	0
571	0.000976562	0.258936	1.10584	-2.4725	0	0	0
572	0.000976562	-0.164776	2.22713	0.650405	0	0	0
577	0.000976562	0.434238	2.55444	1.43805	0	0	0
578	0.000976562	0.271747	1.2505	2.73614	0	0	0
580	0.000976562	1.11695	0.462416	1.3444	0	0	0
595	0.000976562	1.2853	0.463233	-2.27436	0	0	0
596	0.000976562	1.31503	1.3045	-2.29948	0	0	0
598	0.000976562	0.892635	0.444416	-1.96394	0	0	0
606	0.000976562	1.00216	0.750277	-2.14075	0	0	0
611	0.000976562	0.404478	1.33939	-2.42915	0	0	0
615	0.000976562	-0.297274	2.27081	-1.17821	0	0	0
619	0.000976562	0.222741	2.49266	-1.22451	0	0	0
622	0.000976562	1.98682	0.946044	1.62575	0	0	0
625	0.000976562	0.802512	1.1013	0.636437	0	0	0
626	0.000976562	0.854067	0.7888	0.206783	0	0	0
634	0.000976562	2.43684	0.508314	-1.22888	0	0	0
646	0.000976562	0.247765	1.12311	-1.3244	0	0	0
648	0.000976562	0.928269	2.73441	0.986959	0	0	0
657	0.000976562	0.252274	1.61581	-2.04727	0	0	0
658	0.000976562	0.50676	2.36189	-1.68602	0	0	0
662	0.000976562	0.676471	0.741778	-0.295903	0	0	0
663	0.000976562	-0.365968	2.16318	0.587028	0	0	0
672	0.000976562	0.00294269	2.05562	-0.72943	0	0	0
683	0.000976562	0.703645	2.11472	-1.73563	0	0	0
684	0.000976562	0.0575604	2.64492	1.08112	0	0	0
686	0.000976562	1.3788	0.712502	-0.940336	0	0	0
699	0.000976562	0.344865	1.36838	-0.64816	0	0	0
702	0.000976562	2.14173	0.498959	-0.509692	0	0	0
703	0.000976562	0.143016	2.01065	1.33899	0	0	0
705	0.000976562	1.22059	0.476589	-1.41857	0	0	0
712	0.000976562	2.60064	1.37603	-0.297798	0	0	0
725	0.000976562	1.29718	1.60136	-0.994884	0	0	0
726	0.000976562	-0.180395	0.618262	-1.22208	0	0	0
727	0.000976562	0.335182	0.564697	1.81594	0	0	0
728	0.000976562	-0.0140398	0.662752	0.815494	0	0	0
729	0.000976562	-0.279352	1.06791	1.85388	0	0	0
730	0.000976562	1.35157	1.83928	0.822633	0	0	0
744	0.000976562	1.3834	0.529913	-0.793535	0	0	0
751	0.000976562	1.29092	0.531517	-1.47957	0	0	0
760	0.000976562	0.525139	1.88096	-2.27302	0	0	0
763	0.000976562	-0.236592	1.0668	2.35398	0	0	0
768	0.000976562	1.23223	1.90752	-1.66123	0	0	0
770	0.000976562	0.142978	0.819206	0.712236	0	0	0
773	0.000976562	1.53655	1.80675	-0.680065	0	0	0
776	0.000976562	0.99788	0.730489	0.794327	0	0	0
780	0.000976562	1.90964	0.497368	0.123715	0	0	0
782	0.000976562	2.42759	0.457745	-1.4835	0	0	0
788	0.000976562	1.63313	2.45133	-0.351654	0	0	0
795	0.000976562	0.179109	0.918904	-2.3213	0	0	0
797	0.000976562	-0.0878411	0.622522	-2.66057	0	0	0
811	0.000976562	-0.116447	0.719291	1.63039	0	0	0
812	0.000976562	0.349726	1.28787	2.1607	0	0	0
817	0.000976562	0.423157	1.58047	1.17593	0	0	0
821	0.000976562	1.66221	1.49423	1.14199	0	0	0
822	0.000976562	0.95282	2.2672	0.970421	0	0	0
824	0.000976562	0.99387	0.445199	0.0401952	0	0	0
838	0.000976562	1.08665	2.23239	-1.61398	0	0	0
841	0.000976562	0.847594	1.06391	0.834467	0	0	0
844	0.000976562	1.8035	0.45069	-0.166938	0	0	0
851	0.000976562	-0.0298766	1.94279	2.30352	0	0	0
856	0.000976562	1.33386	0.644271	-1.65643	0	0	0
858	0.000976562	0.7347	1.97785	1.47517	0	0	0
871	0.000976562	2.08515	1.81397	0.478029	0	0	0
874	0.000976562	2.33552	0.965018	0.219516	0	0	0
876	0.000976562	1.76334	1.24376	0.685929	0	0	0
880	0.000976562	-0.0160215	1.42497	-0.619425	0	0	0
881	0.000976562	1.22126	1.17396	0.374713	0	0	0
882	0.000976562	2.08176	0.561114	0.474878	0	0	0
887	0.000976562	0.36263	2.19417	-0.484392	0	0	0
891	0.000976562	1.49403	0.478935	1.15146	0	0	0
895	0.000976562	1.60263	1.01158	1.93032	0	0	0
899	0.000976562	1.79958	0.807153	-1.32414	0	0	0
903	0.000976562	-0.112419	1.75334	-1.36091	0	0	0
907	0.000976562	-0.0861673	1.60433	-1.73401	0	0	0
914	0.000976562	2.13793	0.72628	1.49032	0	0	0
920	0.000976562	-0.21901	0.524259	2.72976	0	0	0
921	0.000976562	1.37764	1.75432	-2.00613	0	0	0
922	0.000976562	1.54919	0.532685	-2.34661	0	0	0
925	0.000976562	1.24976	0.771485	2.44502	0	0	0
928	0.000976562	1.69116	2.38446	-0.303902	0	0	0
934	0.000976562	1.77499	2.13492	0.953597	0	0	0
939	0.000976562	0.773572	2.38769	-0.0387478	0	0	0
941	0.000976562	0.994898	0.697806	2.64242	0	0	0
942	0.000976562	1.99907	0.684043	-0.313514	0	0	0
943	0.000976562	0.695969	0.804669	-1.37632	0	0	0
945	0.000976562	0.0593301	1.15687	-0.741449	0	0	0
947	0.000976562	-0.292	0.829045	0.74768	0	0	0
950	0.000976562	0.831835	1.49187	1.03198	0	0	0
952	0.000976562	0.23687	2.59681	1.37359	0	0	0
957	0.000976562	2.12516	0.579574	0.349716	0	0	0
960	0.000976562	1.75978	1.10462	-0.358572	0	0	0
967	0.000976562	0.800049	0.736565	0.216403	0	0	0
968	0.000976562	1.05779	0.764202	0.46726	0	0	0
969	0.000976562	2.51033	0.991849	-1.13301	0	0	0
971	0.000976562	0.475148	1.40483	1.85501	0	0	0
973	0.000976562	-0.18865	1.36916	-2.62629	0	0	0
975	0.000976562	-0.190009	1.70437	-0.879286	0	0	0
980	0.000976562	0.561748	0.671907	1.76622	0	0	0
994	0.000976562	1.72082	1.46836	-1.5255	0	0	0
995	0.000976562	1.94674	1.72583	-1.50616	0	0	0
997	0.000976562	1.52508	0.630753	2.27813	0	0	0
999	0.000976562	1.89291	2.14001	-0.148794	0	0	0
1001	0.000976562	0.0518733	1.16068	2.29547	0	0	0
1002	0.000976562	1.5391	0.46126	-0.99625	0	0	0
1007	0.000976562	1.71177	1.15678	2.05145	0	0	0
1010	0.000976562	-0.142952	0.643437	-1.60094	0	0	0
1014	0.000976562	1.78647	0.58927	-0.890382	0	0	0
1016	0.000976562	0.0897168	1.42168	2.4282	0	0	0
1019	0.000976562	0.38075	1.95898	1.00739	0	0	0
1020	0.000976562	0.628627	1.15721	-2.60832	0	0	0
