1.000000e+00
1024
0	0.000976562	0.294895	1.33216	0.614804	-0.0106936	-0.0507763	-0.0160729
1	0.000976562	0.270943	-0.383669	0.865407	-0.0114295	0.016344	-0.0325556
2	0.000976562	-0.674527	1.77496	0.176035	0.03618	-0.0852041	-0.00735631
3	0.000976562	1.77016	-0.153833	1.66674	-0.0645911	0.0224235	-0.0453583
4	0.000976562	2.62331	0.197465	-0.490866	-0.104726	0.000251507	0.030058
5	0.000976562	-1.39635	1.62842	-0.237274	0.00751788	-0.191516	0.0448427
6	0.000976562	0.665929	0.753117	2.62362	-0.0282287	-0.0297007	-0.0907063
7	0.000976562	1.07928	-0.744494	-0.375357	-0.0385531	0.0658765	-0.00790239
8	0.000976562	-1.08328	-0.733934	0.427407	0.0342905	0.0374472	0.00190055
9	0.000976562	-1.70751	-1.92885	0.910681	0.0641601	0.074568	-0.0282585
10	0.000976562	-1.44851	-0.134452	-1.49052	0.0490937	0.00284472	0.0740426
11	0.000976562	-2.12569	-1.72278	-0.763362	0.0763048	0.0633377	0.0364665
12	0.000976562	-1.19534	-2.17258	-1.05482	0.041236	0.0991321	0.0626924
13	0.000976562	-0.485156	-2.49754	1.13968	0.0461354	0.104342	-0.0425989
14	0.000976562	0.399252	-1.32241	0.143095	-0.0154546	0.0381666	-0.00528797
15	0.000976562	-1.05368	1.03488	-2.16281	0.0557968	-0.0729052	0.0811232
16	0.000976562	1.27162	-1.17046	-1.87411	-0.0680301	0.0543287	0.0407764
17	0.000976562	0.459321	0.606254	0.430725	-0.00988532	-0.0247147	-0.0181465
18	0.000976562	2.04757	1.24572	-1.19457	-0.0768793	-0.0347972	0.0291264
19	0.000976562	0.483885	2.32183	1.15168	-0.0224122	-0.0698527	-0.0193325
20	0.000976562	0.853328	-0.383361	0.633255	-0.0360776	0.0145467	-0.0227916
21	0.000976562	-1.2336	0.754595	-0.415489	0.0374287	-0.0399263	0.0114314
22	0.000976562	-2.13891	-1.12132	0.421321	0.0823404	0.0457385	-0.00939362
23	0.000976562	0.541358	0.50422	0.909088	-0.0225447	-0.0161066	-0.0328687
24	0.000976562	0.900854	-0.351944	2.33096	-0.0380077	-0.0148226	-0.112079
25	0.000976562	-0.770232	-0.313441	2.31968	0.0343567	0.0102446	-0.0766053
26	0.000976562	1.82629	0.472305	-0.534227	-0.049747	-0.0173592	0.0337512
27	0.000976562	-2.53256	1.22567	-0.274875	0.0908204	-0.0506569	-0.00478925
28	0.000976562	1.40969	-1.87579	0.165382	0.0718928	0.0541079	0.0770997
29	0.000976562	1.74324	-1.55911	-0.910131	-0.052727	0.0621285	0.0229296
30	0.000976562	-1.96791	0.776761	0.458686	0.0736478	-0.0370882	-0.0220012
31	0.000976562	0.210864	0.595999	1.37	-0.0207064	-0.0195676	-0.0340296
32	0.000976562	-1.11179	-0.541122	-1.69643	0.0182814	0.00636022	0.0772074
33	0.000976562	-0.0398734	-1.52942	-1.43489	0.0216241	0.0803897	0.0666801
34	0.000976562	-2.59313	-0.322469	-1.10545	0.103442	0.00959636	0.0353547
35	0.000976562	1.16319	-0.672104	-1.89498	-0.0445461	-0.0103358	0.0424997
36	0.000976562	-0.265221	0.287412	2.34373	0.0105097	0.00351085	-0.0855511
37	0.000976562	-1.06181	-0.642392	0.509297	0.0209337	-0.021507	-0.0560708
38	0.000976562	-1.33171	1.82749	-1.84591	0.039619	-0.0544504	0.0685739
39	0.000976562	-1.72493	-0.380536	-0.788357	0.0380303	0.00584521	-0.10569
40	0.000976562	-0.208503	-1.24509	0.514514	0.00546428	0.0460077	-0.025009
41	0.000976562	-2.15679	1.33652	-0.595544	0.0883979	-0.0626755	0.0456473
42	0.000976562	0.38841	-1.79116	-2.0914	-0.0230765	0.086466	0.0670209
43	0.000976562	-0.0679655	-0.776616	2.60335	-0.00742177	0.0473955	-0.0914704
44	0.000976562	-2.43461	0.368391	0.520219	0.115601	-0.0220988	0.0149296
45	0.000976562	1.01645	1.74474	-1.28134	-0.020662	-0.0654398	0.0443618
46	0.000976562	0.513473	-2.49274	-0.0800808	-0.0249821	0.11556	-0.000268005
47	0.000976562	-0.00755274	0.893415	-0.768452	0.00159451	-0.0193768	0.0279307
48	0.000976562	0.0761761	-1.55338	-2.36093	0.00184814	0.0694715	0.0921979
49	0.000976562	-1.49268	-0.407816	0.346324	0.055944	0.00531552	-0.008228
50	0.000976562	2.12478	1.40244	-1.34544	-0.092503	-0.0526385	0.0531836
51	0.000976562	-1.39634	-0.190939	1.08668	0.0475568	0.0119305	-0.0387381
52	0.000976562	1.16442	-1.20626	-0.698795	-0.0335021	0.0531072	0.0310247
53	0.000976562	1.16399	1.71182	1.64122	-0.0509858	-0.0535631	-0.0592139
54	0.000976562	-1.40605	-0.681027	0.517118	0.0607398	0.0196681	-0.0297061
55	0.000976562	-1.34229	-0.702439	-1.74671	0.024766	0.0114329	0.138198
56	0.000976562	-2.47945	0.177416	-1.13552	0.103746	-0.00373496	0.0350281
57	0.000976562	0.464231	2.77419	0.874438	-0.0168209	-0.0979944	-0.0104047
58	0.000976562	-2.7364	-0.354448	0.0526615	0.0880592	-0.00707969	-0.0284166
59	0.000976562	0.235965	1.11346	-1.30269	-0.0667004	0.0385775	0.0366891
60	0.000976562	-0.257192	2.31253	-0.233268	-0.0121479	-0.0925602	0.0179258
61	0.000976562	1.32252	-0.530551	2.38963	-0.0600918	0.018142	-0.0821675
62	0.000976562	1.1391	1.25283	-1.01367	-0.016666	-0.0219117	0.0274809
63	0.000976562	1.51829	0.862711	-1.52031	-0.0597526	-0.0401214	0.0672934
64	0.000976562	-0.24357	0.603568	2.11446	0.000508034	-0.0173179	-0.0766902
65	0.000976562	-0.25107	2.72655	0.452128	-0.00355297	-0.102622	-0.0173711
66	0.000976562	-2.00686	0.821412	-0.596517	0.058865	-0.0367985	0.0134229
67	0.000976562	-0.268333	-0.964748	-1.56228	-0.00136129	0.0175724	0.070716
68	0.000976562	-1.9804	0.878276	-0.0513547	0.0695233	-0.0414348	0.00120866
69	0.000976562	-1.24605	-1.45752	0.957031	0.0326881	0.0557406	-0.0487304
70	0.000976562	-1.48339	1.03804	0.112094	0.06632	-0.0471398	0.00423669
71	0.000976562	-0.445109	0.386063	-1.24691	0.00602258	-0.0168041	0.0493746
72	0.000976562	1.24013	-0.425806	-0.792108	-0.0114322	0.0393275	0.0787721
73	0.000976562	-1.56292	-0.825303	1.8591	0.0685633	0.0349079	-0.0742842
74	0.000976562	2.27571	-1.25586	-0.711919	-0.0403435	0.0915762	0.0138591
75	0.000976562	-0.732605	1.52886	-1.54183	0.0287715	-0.0606604	0.0505135
76	0.000976562	-1.92099	-0.232201	-1.15042	0.0816263	0.0117524	0.0330626
77	0.000976562	1.99833	-1.52212	-0.0136042	-0.0704106	0.0481273	-0.00840429
78	0.000976562	-0.479973	-2.1112	0.608872	0.0156527	0.0699992	-0.0445465
79	0.000976562	0.285411	-1.25847	0.557377	-0.00625414	0.0531058	-0.0037144
80	0.000976562	2.3484	-0.491189	0.319585	-0.07941	0.00418942	0.00189992
81	0.000976562	-1.34487	-0.191272	-0.571565	0.0357889	0.0209376	0.0241902
82	0.000976562	-1.49029	0.10565	-1.13203	0.0168232	0.0110313	-0.0111703
83	0.000976562	-0.738768	0.221298	1.47831	0.0316456	0.010583	-0.0634338
84	0.000976562	-2.32209	-0.829337	1.41217	0.0861587	0.0272513	-0.0698335
85	0.000976562	1.072	0.781477	1.24911	-0.0370049	-0.0384694	-0.0407411
86	0.000976562	-1.74301	-0.871353	1.04699	0.039703	0.0243798	-0.0333405
87	0.000976562	2.25007	0.335353	-1.27381	-0.0654318	0.0144961	0.0478099
88	0.000976562	-0.737918	0.258217	2.50427	0.0382365	0.0185861	-0.0678558
89	0.000976562	-0.881092	0.775325	-1.26632	0.149566	-0.052165	0.127298
90	0.000976562	-1.70209	-2.19336	0.461545	0.0646084	0.0930098	-0.0150212
91	0.000976562	1.16483	1.91011	0.0650298	-0.0430054	-0.0769596	-3.23515e-05
92	0.000976562	-0.348071	0.188483	1.14688	-0.0154906	0.00524405	-0.0464467
93	0.000976562	-2.39931	-1.54132	-0.523355	0.0968006	0.0520312	0.0173667
94	0.000976562	0.734223	2.34805	0.717844	-0.0258924	-0.0804123	-0.0025499
95	0.000976562	0.0146901	2.55565	0.255502	-0.0181044	-0.0899525	0.00204883
96	0.000976562	-0.362584	-2.43808	1.15968	-0.0252132	0.0728889	-0.0513305
97	0.000976562	2.35141	1.05653	0.17902	-0.0909758	-0.0943474	-0.000739242
98	0.000976562	-0.162722	-0.651907	2.82505	0.0122305	0.0248205	-0.117721
99	0.000976562	-1.90614	-0.940294	1.06669	0.0784331	0.0516036	-0.0435629
100	0.000976562	-2.57468	0.699043	-0.148896	0.0754599	-0.0213308	-0.0466066
101	0.000976562	-1.26723	-1.47295	0.0840853	0.0430058	0.060955	-0.018763
102	0.000976562	-0.782182	-0.184932	-0.946801	0.00575467	0.0197766	0.0447679
103	0.000976562	-0.906458	0.589411	0.947849	0.052661	-0.0470066	-0.0269002
104	0.000976562	1.31966	0.876287	1.85927	-0.0323046	-0.0311146	-0.0506741
105	0.000976562	1.19131	-0.877574	-2.06652	-0.00516387	0.110437	0.0945521
106	0.000976562	-2.06992	1.1555	0.931359	0.072123	-0.041037	-0.0310151
107	0.000976562	0.488688	-1.45543	-1.95086	-0.0101638	0.0583047	0.0578556
108	0.000976562	-1.34574	-0.499343	-0.582619	0.0389838	0.0233521	0.0248104
109	0.000976562	1.01928	-0.85864	1.26128	-0.0328656	0.0130964	-0.0560576
110	0.000976562	0.816982	-0.518611	-0.436175	-0.0754059	0.040923	-0.0964771
111	0.000976562	0.916541	1.40407	0.219341	-0.0227157	-0.0402863	-0.0172227
112	0.000976562	-2.28416	-0.492917	-0.546276	0.0919429	0.0213286	0.0309151
113	0.000976562	-2.28999	0.696335	1.20632	0.0885056	-0.0155214	-0.0386084
114	0.000976562	-0.573876	0.197955	-0.79304	-0.0137842	-0.0272513	0.0202435
115	0.000976562	2.02075	-0.688665	-1.62526	-0.0871426	0.0114995	0.063033
116	0.000976562	0.350672	1.67506	-0.254315	-0.029719	-0.0642691	0.00200535
117	0.000976562	-2.03532	-1.70696	-0.390203	0.0747939	0.0586631	0.011442
118	0.000976562	0.174149	-0.809605	1.65398	-0.00597764	0.0575568	-0.0850136
119	0.000976562	-0.805007	0.0606751	-0.72921	-0.000215769	-0.0247474	0.0123333
120	0.000976562	-0.797026	-1.34676	-0.0218327	0.0123272	0.0432494	-0.00785115
121	0.000976562	1.08107	-1.24957	0.146481	-0.0335057	0.0404327	-0.0121128
122	0.000976562	-1.16702	0.364884	2.54129	0.0468461	0.00348492	-0.1004
123	0.000976562	0.115034	-1.30639	2.23206	-0.0346234	0.0486037	-0.0774439
124	0.000976562	-1.0376	2.15854	-0.238068	0.113568	-0.14885	0.00252598
125	0.000976562	-0.314953	-0.901568	2.25966	0.0205573	0.0314259	-0.0614914
126	0.000976562	2.48811	-1.14613	-0.264923	-0.112633	0.0467606	0.0212278
127	0.000976562	-0.028191	1.70272	2.04235	0.00152069	-0.0656111	-0.0588254
128	0.000976562	-1.14072	-2.43191	-0.444911	0.0539309	0.10003	0.00173666
129	0.000976562	-2.29341	0.471716	-1.47898	0.108193	-0.00742407	0.0717294
130	0.000976562	0.839209	-0.477423	-0.70041	-0.0121173	0.0127599	0.059291
131	0.000976562	-0.88113	0.774871	-1.26716	-0.103429	-0.0398221	-0.0301788
132	0.000976562	-1.86497	-0.510767	1.4416	0.0591881	0.00951189	-0.0726124
133	0.000976562	1.78202	-1.94021	0.611228	-0.0866369	0.0779601	-0.0595675
134	0.000976562	-2.26756	1.40706	0.833297	0.0609874	-0.0524814	0.00655408
135	0.000976562	1.87896	-0.0879545	2.25547	-0.0652282	0.013992	-0.0895738
136	0.000976562	1.38921	-0.449818	-0.757082	-0.0146609	0.0562899	-0.0289471
137	0.000976562	0.110951	2.3663	1.39978	0.0201042	-0.0688508	-0.060687
138	0.000976562	1.25202	-1.84392	-0.0806015	-0.0361647	0.0560006	0.0238752
139	0.000976562	-1.41624	2.26723	-0.0414286	0.0705133	-0.0813158	0.00206683
140	0.000976562	-1.02723	-1.02916	-0.309284	0.0155729	0.00954278	0.00654493
141	0.000976562	-0.378182	-0.774041	2.45106	0.0324302	0.031314	-0.0904713
142	0.000976562	1.37292	1.41058	-1.22759	-0.0503563	-0.0420086	0.0540843
143	0.000976562	0.469903	1.70815	1.74831	-0.00726799	-0.0667072	-0.0632957
144	0.000976562	-0.90952	1.66562	1.38331	0.0320962	-0.0516672	-0.0775747
145	0.000976562	-0.0668932	-0.23367	0.396178	0.0153595	0.0201189	-0.0347377
146	0.000976562	0.721415	0.0531197	2.16684	-0.0259811	-0.00449701	-0.0806766
147	0.000976562	0.803192	-0.519914	-0.452645	0.0859394	0.0121875	0.114056
148	0.000976562	1.83912	-0.828833	-1.69032	-0.0666486	0.0317415	0.0700075
149	0.000976562	0.403464	-0.704068	-0.921031	-0.00558344	0.044909	0.0377297
150	0.000976562	1.52858	-1.02879	0.925435	-0.0460028	0.0351084	-0.0498396
151	0.000976562	0.0513045	-0.0105395	2.36501	-0.114133	0.0278923	-0.0958844
152	0.000976562	0.321153	1.99662	1.33428	-0.0292989	-0.062023	-0.0512238
153	0.000976562	-1.18678	-2.00133	-0.995185	0.0334836	0.053096	0.0339891
154	0.000976562	-2.53275	1.27577	-0.610025	0.0942467	-0.0498853	0.024938
155	0.000976562	-1.10539	1.35224	-0.948957	0.0448533	-0.0520015	0.0585277
156	0.000976562	1.32506	1.91471	-1.6603	-0.103432	-0.0875523	0.0558337
157	0.000976562	-1.86557	-0.843715	-0.101537	0.0983034	0.0341391	0.0254814
158	0.000976562	-1.64314	0.787873	-2.28738	0.0581565	-0.0317198	0.0752907
159	0.000976562	-0.24004	-0.990519	-1.08499	-0.00233946	0.0184109	0.0195214
160	0.000976562	-0.10998	1.39449	-2.54157	-0.0366331	-0.111963	0.0683652
161	0.000976562	-1.7838	0.257935	-1.22182	0.0492722	-0.037149	0.0622591
162	0.000976562	-1.14393	0.594558	2.49047	0.0476776	-0.0367306	-0.0926552
163	0.000976562	1.80575	1.38034	0.357099	-0.0667263	-0.0596289	-0.00822652
164	0.000976562	0.0420512	1.45265	-2.37864	-0.0133361	-0.0704773	0.0582971
165	0.000976562	-2.30005	-1.19001	-0.254488	0.0962303	0.037042	-0.0018897
166	0.000976562	-2.81041	-0.448276	-0.051048	0.114566	0.0324982	0.0129381
167	0.000976562	-1.49933	0.585732	1.49507	0.0629994	-0.0249326	-0.0615758
168	0.000976562	-1.54258	0.764867	0.825272	0.071054	-0.0496662	-0.0378093
169	0.000976562	-0.88396	-1.37716	-1.36838	0.017349	0.061094	0.0677889
170	0.000976562	-1.06957	0.804177	1.35121	0.0457503	-0.0451386	-0.0404679
171	0.000976562	-1.43008	1.96893	-1.56886	0.0523032	-0.0799701	0.057101
172	0.000976562	-1.08863	1.78706	1.26363	0.0829746	-0.0528061	-0.069118
173	0.000976562	0.340946	1.27891	-0.48682	-0.029811	-0.0336379	-0.011427
174	0.000976562	1.13676	-2.24007	-1.38193	-0.0394598	0.08092	0.0482123
175	0.000976562	2.78693	0.903525	0.110135	-0.149758	0.00481377	-0.0454951
176	0.000976562	-0.590117	1.66887	-2.11505	0.030526	-0.090237	0.0663424
177	0.000976562	0.136441	-0.820577	-2.28879	-0.0134461	0.00610021	0.0507952
178	0.000976562	0.693592	0.373661	-1.20341	-0.0080748	-0.0146401	0.0295345
179	0.000976562	-2.54595	-0.103371	-0.361223	0.101188	-0.00840889	0.00605951
180	0.000976562	-1.722	-0.380258	-0.777605	0.116937	0.0285012	0.166425
181	0.000976562	-1.96963	-0.276378	-1.38055	0.0826253	0.0183695	0.0736441
182	0.000976562	1.86958	0.370234	2.0771	-0.0723713	-0.0233281	-0.0805324
183	0.000976562	1.35114	-0.938803	1.72718	-0.0553413	0.0342705	-0.0595122
184	0.000976562	-2.30077	-0.570304	-1.63416	0.0864033	0.0191243	0.0650394
185	0.000976562	1.08778	-2.27701	-0.59613	-0.0440515	0.0845533	0.0312463
186	0.000976562	-1.31225	0.0965078	-0.880672	0.0414196	-0.0158398	0.0276987
187	0.000976562	-1.56806	-1.29733	1.7686	0.085564	0.0484576	-0.0797263
188	0.000976562	-2.32593	0.859707	1.48024	0.0862107	-0.0209875	-0.064839
189	0.000976562	-1.18283	-0.599251	-0.0814656	0.0299931	0.00804969	-0.010775
190	0.000976562	0.978506	-0.396538	-1.76869	-0.0338639	-0.00243895	0.0625581
191	0.000976562	-0.76168	1.28398	0.884842	0.0538832	-0.0475115	-0.0387313
192	0.000976562	2.41727	-1.24227	-0.747919	-0.121701	0.0685782	0.0587984
193	0.000976562	-0.729884	0.456571	0.991445	0.0285544	-0.0553527	-0.0456073
194	0.000976562	2.12835	0.965188	-0.915241	-0.0821606	-0.0384188	0.0257822
195	0.000976562	0.0217501	-1.87103	-2.06528	-0.000601055	0.0882849	0.0770691
196	0.000976562	1.53716	-1.69568	0.388828	-0.0289849	0.0318443	-0.0314797
197	0.000976562	0.979931	-0.517753	-2.44179	-0.0254077	0.0119277	0.0745151
198	0.000976562	0.521816	0.470807	0.0811321	-0.00428629	-0.0225849	0.00490209
199	0.000976562	0.333205	-0.544122	2.68461	-0.0117603	0.031849	-0.109627
200	0.000976562	0.587836	-2.18329	-0.444301	-0.0168456	0.0745582	0.0998559
201	0.000976562	-1.39329	1.63933	-0.239849	0.0972407	0.0720474	-0.0159204
202	0.000976562	0.834599	-0.35541	-2.72667	-0.00867325	-0.0035834	0.106286
203	0.000976562	1.60485	0.0784681	1.70409	-0.0466367	-0.000914799	-0.0385555
204	0.000976562	1.46483	1.78754	-1.17272	-0.0617408	-0.0808918	0.0344961
205	0.000976562	1.79706	0.423001	-0.161496	-0.0240286	0.0834785	-0.00976388
206	0.000976562	-0.389674	1.80856	1.05465	-0.018869	-0.0613945	-0.0333715
207	0.000976562	2.43904	-1.08521	0.345478	-0.0965985	0.0366242	-0.017403
208	0.000976562	-0.58728	1.65692	0.168358	-0.000824789	-0.0358744	-0.00819533
209	0.000976562	-1.53795	-1.26923	-1.41371	0.059585	0.0739685	0.0639154
210	0.000976562	0.250583	1.23808	2.67955	0.0459222	-0.0688532	-0.0688491
211	0.000976562	1.15991	1.73324	-1.93586	-0.0236724	-0.0402138	0.0896274
212	0.000976562	-0.731223	-0.441006	1.10351	0.0344828	0.020215	-0.0421887
213	0.000976562	-1.20295	-1.08673	-0.855182	0.0281816	0.0554229	0.00561012
214	0.000976562	1.11837	1.29422	1.58575	-0.0423508	-0.0401235	-0.0477301
215	0.000976562	-1.24831	0.350574	0.262164	0.0431577	-0.0105416	-0.00838987
216	0.000976562	1.74111	1.0126	0.47729	-0.0521558	-0.0269856	-0.0207612
217	0.000976562	0.0854459	-1.56896	-1.33536	-0.0386617	0.0928089	0.0243011
218	0.000976562	-0.321915	0.0724809	0.240224	0.00785482	-0.0164663	-0.0127085
219	0.000976562	0.878336	-0.853999	-2.34018	-0.00417858	0.0210365	0.0948107
220	0.000976562	-1.06563	-1.88622	0.327278	0.0337032	0.0778347	-0.0317745
221	0.000976562	-0.789517	-1.69098	-0.0628135	0.0199891	0.0709749	0.0174783
222	0.000976562	-1.7629	1.08406	0.856924	0.0575785	-0.0484987	-0.0294288
223	0.000976562	-2.13767	-1.0225	-1.18476	0.100504	0.0239125	0.0332064
224	0.000976562	0.206783	2.69715	-0.603986	-0.00878402	-0.068388	0.0203582
225	0.000976562	-2.3058	-0.470104	-1.19611	0.0941988	0.0221223	0.0420887
226	0.000976562	-0.027465	0.997862	-0.224257	0.00996674	-0.0213139	0.00650472
227	0.000976562	-0.0561706	-2.1056	-0.593633	-0.00324864	0.076447	0.0364454
228	0.000976562	1.18662	-1.20677	-2.30217	-0.100913	0.0316412	0.143274
229	0.000976562	2.40373	1.29553	0.684133	-0.103277	-0.0505447	-0.0275568
230	0.000976562	1.75069	2.05575	-0.101525	-0.0195873	-0.047044	-0.0187326
231	0.000976562	0.639386	0.225998	0.224965	-0.026519	0.000582849	-0.018004
232	0.000976562	1.59261	1.11319	-1.05938	-0.0583456	-0.0411301	0.0308921
233	0.000976562	-1.78321	1.08395	2.02851	0.0619018	-0.023069	-0.0714986
234	0.000976562	2.35736	-0.999118	-0.138256	-0.0764395	0.0116435	0.0220953
235	0.000976562	0.096382	-2.05418	1.26377	0.000937572	0.0742673	-0.039808
236	0.000976562	-0.743534	-0.798978	-0.713274	0.00520618	0.0237242	0.0219175
237	0.000976562	0.935189	-0.752165	2.372	-0.0391096	0.0506531	-0.0730034
238	0.000976562	-0.306229	2.0509	-1.6351	0.0114667	-0.0750648	0.0557683
239	0.000976562	0.00937231	2.59696	1.02457	0.106133	-0.0943782	0.055243
240	0.000976562	-0.548356	0.670326	1.61398	0.0318589	-0.00675991	-0.0475139
241	0.000976562	-0.50182	1.2956	1.71868	0.0249518	-0.0625697	-0.053823
242	0.000976562	2.23424	0.403419	1.43106	-0.120291	0.00381914	-0.0500922
243	0.000976562	0.357381	-0.359257	2.49718	0.000975911	0.00835766	-0.0966916
244	0.000976562	-2.50806	0.00575414	1.28379	0.0837434	-0.0127885	-0.0560472
245	0.000976562	-1.09329	0.0698543	1.19437	0.069584	0.0273307	-0.0455509
246	0.000976562	-2.11931	-1.73798	-0.114604	0.0860773	0.0640329	-0.0143826
247	0.000976562	-1.17851	2.19836	0.509205	0.0497187	-0.0870782	-0.0295977
248	0.000976562	-0.886533	2.11945	1.80284	0.0284397	-0.0801602	-0.0657739
249	0.000976562	0.0911971	0.339312	-0.941306	-0.00606709	-0.0164862	0.0238815
250	0.000976562	-0.382997	0.595804	1.32634	-0.00251225	-0.0324408	-0.0283967
251	0.000976562	0.763992	1.68554	1.59792	-0.0252498	0.00900881	-0.0434387
252	0.000976562	2.35138	0.573787	0.520204	-0.0988361	-0.0257745	-0.0303556
253	0.000976562	1.42861	1.94618	-0.745276	-0.0416111	-0.0934968	0.0205886
254	0.000976562	-0.275773	1.32613	2.45067	0.00141375	-0.0449811	-0.0966135
255	0.000976562	0.892552	2.00224	1.09851	-0.040801	-0.0560573	-0.0295791
256	0.000976562	-0.4914	-0.626676	-0.62522	-0.00558564	0.0173945	0.0197467
257	0.000976562	-1.79773	-0.840114	0.0276317	0.0694463	0.0281945	-0.0373872
258	0.000976562	0.764451	1.43328	2.30587	-0.0395431	-0.0520118	-0.0825103
259	0.000976562	-0.218499	0.888501	-2.34156	0.00309655	-0.0158709	0.0837786
260	0.000976562	1.04404	1.84285	-1.84744	-0.00181542	-0.0693416	0.0692381
261	0.000976562	-0.489021	0.157265	-0.284314	0.0288382	-0.0630952	-0.00346333
262	0.000976562	0.164924	1.07717	-0.174896	-0.0251592	-0.0387853	-0.00621523
263	0.000976562	2.17228	0.423271	-0.240403	-0.113978	-0.0318181	0.0335177
264	0.000976562	0.571568	-0.353207	0.32922	-0.0258971	0.0153969	-0.0164102
265	0.000976562	-0.489329	-0.517085	1.15419	0.00334394	0.0279268	-0.0485464
266	0.000976562	1.64137	-1.26571	-0.703277	-0.0445523	0.0505383	0.0161308
267	0.000976562	1.21792	-2.22071	0.356074	0.0297654	0.105043	-0.0654882
268	0.000976562	-0.453969	1.406	2.37854	0.0351458	-0.0628833	-0.0632125
269	0.000976562	-1.1189	0.144666	-0.499021	0.0252043	-0.028923	-0.00209662
270	0.000976562	-1.78083	-1.19172	-1.95126	0.0722151	0.0484212	0.0847634
271	0.000976562	-0.643385	-2.32829	-0.0351138	0.0387294	0.0817922	-0.00581578
272	0.000976562	0.614289	2.04151	-1.54245	-0.000613159	-0.0647794	0.046662
273	0.000976562	-1.34632	0.744852	-0.673714	0.0472955	-0.0373555	0.0290953
274	0.000976562	1.19919	-0.843113	-2.04844	-0.0619877	-0.0802761	0.0237964
275	0.000976562	-1.71817	1.76617	-1.32832	0.0591963	-0.0621892	0.0510095
276	0.000976562	2.02178	0.441514	-0.133644	-0.0730826	-0.0526855	-0.000847016
277	0.000976562	0.727173	0.233113	-0.171556	-0.0229969	-0.0112403	0.0119196
278	0.000976562	-0.394181	-1.016	-2.49501	0.0148368	-0.0173414	0.110283
279	0.000976562	2.03917	1.66492	0.273315	-0.0702635	-0.0621489	0.00744394
280	0.000976562	-1.36649	-0.711383	-1.66414	0.0586258	0.0224468	0.0202593
281	0.000976562	0.751011	2.45805	1.46863	-0.0462276	-0.0766663	-0.0603261
282	0.000976562	0.38352	2.04631	-1.3093	0.0197025	-0.0790754	0.0322288
283	0.000976562	0.0231051	-2.7098	0.354081	0.00148816	0.108178	-0.0154031
284	0.000976562	2.22403	1.2724	0.724012	-0.0575806	-0.0447497	-0.0404207
285	0.000976562	0.648845	-0.0110956	-2.86591	-0.00991243	-0.00794306	0.0965197
286	0.000976562	-0.93283	-1.99185	1.6775	0.0326675	0.0594808	-0.0665612
287	0.000976562	0.342459	-2.28691	-0.0963897	0.00252821	0.0785456	-0.00749854
288	0.000976562	-1.09844	0.132584	-1.15383	0.0241428	-0.0164547	0.0599476
289	0.000976562	0.59145	-0.349446	2.41212	-0.0271715	0.00634915	-0.0982546
290	0.000976562	-1.90085	-1.69287	1.1469	0.0810385	0.0584182	-0.0435836
291	0.000976562	1.65674	0.0124439	0.656897	-0.0513388	0.00579952	-0.0149624
292	0.000976562	-1.68693	-0.0726992	-2.27784	0.0596771	0.00269524	0.0875816
293	0.000976562	-1.05137	-1.19371	-0.32024	0.0256542	0.064109	0.0117816
294	0.000976562	-0.268187	-1.64326	-0.896933	-0.00622074	0.0661982	0.0242441
295	0.000976562	0.109602	2.24951	0.650688	-0.0226942	-0.0751401	-0.00915797
296	0.000976562	-0.885265	-1.72845	-0.506562	0.025753	0.0808899	0.0167269
297	0.000976562	0.599336	-1.55514	1.99748	-0.0182616	0.0574914	-0.0657708
298	0.000976562	2.1483	-1.37923	0.973696	-0.070468	0.0579814	-0.0569437
299	0.000976562	1.18125	-2.23021	0.377219	-0.122431	0.0609156	0.0158878
300	0.000976562	1.29638	1.98496	1.46554	-0.0487362	-0.0712059	-0.0436088
301	0.000976562	0.0749228	-0.179279	0.299532	-0.0133504	0.0125842	-0.00625062
302	0.000976562	1.21184	2.5636	0.703075	-0.0469421	-0.0807518	-0.0107548
303	0.000976562	-0.00524416	-1.22009	-1.21784	-0.0308923	-0.0352998	0.104681
304	0.000976562	-0.852324	-1.02282	0.462335	0.00941151	0.0453521	-0.0313472
305	0.000976562	1.10781	-1.26235	-2.19948	0.00356729	0.125746	0.0244979
306	0.000976562	0.851996	-2.51846	0.68281	-0.0441736	0.106864	-0.0239866
307	0.000976562	0.862615	1.33357	-0.0209889	-0.0209147	-0.036919	0.019589
308	0.000976562	1.64371	-1.89041	0.311337	-0.0992844	0.091911	-0.021769
309	0.000976562	-0.499577	-1.98615	-1.98714	0.0211209	0.0778187	0.068852
310	0.000976562	1.31242	1.24529	-1.89799	-0.0546117	-0.0188785	0.0762618
311	0.000976562	1.2453	1.44804	-0.94515	-0.0346452	-0.0161617	-0.0109714
312	0.000976562	-0.729646	-0.769576	0.687899	0.0191301	0.0190542	-0.036341
313	0.000976562	1.72743	1.36245	-0.111012	-0.0554264	-0.0623871	0.0042389
314	0.000976562	0.857604	0.0810065	1.84791	-0.0258861	0.00828335	-0.0551614
315	0.000976562	-0.141857	0.195469	-1.45857	-0.0117403	-0.0200369	0.0647228
316	0.000976562	0.619311	-1.10007	0.462086	-0.0368827	0.0325977	-0.0156775
317	0.000976562	-1.94223	-1.93503	-0.481114	0.0651199	0.0844771	0.0211745
318	0.000976562	-0.419751	-1.30538	-2.1554	0.0243559	0.0393204	0.0989471
319	0.000976562	-0.223681	1.40312	-0.142703	-0.00431042	-0.0414017	0.00369003
320	0.000976562	-0.939667	0.526285	2.08567	0.0441503	-0.00986064	-0.0742162
321	0.000976562	1.90192	-0.646925	0.429512	-0.066856	0.0176449	-0.0120503
322	0.000976562	1.65396	1.86894	1.59461	-0.0563891	-0.056527	-0.0544658
323	0.000976562	0.223762	2.88523	-0.606827	-0.0112405	-0.109593	0.019834
324	0.000976562	0.605144	-2.49985	-0.515863	-0.0279244	0.10821	0.03804
325	0.000976562	1.08867	-1.20977	1.56671	-0.0966307	-0.0255508	-0.132762
326	0.000976562	0.192056	-2.20184	-0.610338	-0.0187391	0.0848288	0.0436621
327	0.000976562	-0.704734	0.411964	0.991785	0.0079192	-0.0190403	-0.0501406
328	0.000976562	2.01393	0.0517495	-0.628131	-0.0772345	0.00430283	0.0272573
329	0.000976562	-0.544243	0.189602	0.979927	-0.00819056	0.0263725	-0.0349653
330	0.000976562	0.570615	-0.0165526	1.14419	-0.0205525	-0.00497108	-0.0349076
331	0.000976562	1.89155	-0.0034493	-2.15303	-0.0682377	-0.000769697	0.0707153
332	0.000976562	2.07919	0.501807	1.4186	-0.0638644	-0.0300822	-0.0555015
333	0.000976562	1.21798	-0.711655	-0.604278	-0.0429112	0.0570301	0.0343699
334	0.000976562	-1.21575	-1.42531	0.484286	0.043269	0.0654552	-0.0418882
335	0.000976562	-1.40981	-0.0900873	1.94728	0.0714711	0.00613971	-0.136093
336	0.000976562	-1.58022	-0.369163	0.650994	0.0605103	0.00888752	-0.036687
337	0.000976562	-1.55328	-1.79094	1.48873	0.0317784	0.0856708	-0.0957451
338	0.000976562	0.213423	1.05655	1.90187	-0.0185369	-0.03123	-0.054477
339	0.000976562	-1.59046	-0.955011	1.22563	0.0350491	0.0466872	-0.0620523
340	0.000976562	-0.629013	-2.69846	-0.381553	0.0142802	0.120214	0.00493509
341	0.000976562	2.41047	-0.476847	-0.989321	-0.0935386	0.00536628	0.0219613
342	0.000976562	1.32551	-1.67655	-1.90741	-0.052838	0.0741626	0.0598383
343	0.000976562	-1.05216	1.93314	0.238997	0.0435852	-0.0685142	-0.00897904
344	0.000976562	-2.66585	-0.143287	1.09257	0.104239	0.0143282	-0.0352544
345	0.000976562	0.239794	0.488975	-1.61666	0.00484606	-0.0242186	0.0571884
346	0.000976562	2.0593	0.431881	1.28224	-0.0684628	-0.00489666	-0.00500237
347	0.000976562	-1.10134	-1.40766	-1.29629	0.0457033	0.0734683	0.0601765
348	0.000976562	-1.06091	1.41698	0.414254	0.0429913	-0.046176	-0.0143458
349	0.000976562	-0.491649	-0.402473	2.51868	0.0266081	0.00723045	-0.0907733
350	0.000976562	0.964112	-2.39928	0.259956	-0.0276585	0.104051	0.00132873
351	0.000976562	0.672968	1.38559	-1.23953	-0.0148595	-0.0450755	0.0418206
352	0.000976562	2.07454	0.840671	0.234875	-0.0543205	-0.0456651	-0.00931144
353	0.000976562	-2.3285	0.312734	0.721301	0.0603178	-0.00105462	-0.154482
354	0.000976562	2.73176	0.940709	0.0604132	-0.0848327	-0.0575204	0.0424787
355	0.000976562	-0.939483	0.876643	0.62286	0.0307613	-0.0351155	-0.0121652
356	0.000976562	-0.68189	0.272581	0.870954	-0.0139883	0.0381416	-0.0149875
357	0.000976562	2.60145	0.508337	0.677139	-0.10381	-0.0236311	-0.0307681
358	0.000976562	-1.44638	-1.30484	1.72761	0.00624715	0.0545326	-0.0540544
359	0.000976562	2.39899	0.516906	-1.19694	-0.131765	-0.0931127	-0.0308876
360	0.000976562	-0.998893	2.40664	-0.046323	0.0281903	-0.0953089	-0.00683463
361	0.000976562	-2.16077	-1.40665	-1.30803	0.0912596	0.0739959	0.0504535
362	0.000976562	-1.31172	-0.739838	1.64606	0.0475327	0.0356324	-0.0411047
363	0.000976562	-1.75725	2.09375	1.16667	0.0591116	-0.0685147	-0.0351777
364	0.000976562	-0.782792	0.235585	0.259065	0.0239979	-0.0115596	-0.00807157
365	0.000976562	1.26485	0.161393	-2.19962	-0.0537918	-0.0129468	-0.0435064
366	0.000976562	-1.26531	-1.31475	-0.97639	0.0526749	0.082107	0.0327654
367	0.000976562	-1.29009	0.547809	-0.269406	0.0492962	-0.0170708	-0.00340881
368	0.000976562	-0.112887	1.15875	1.78781	-0.0166506	-0.0639086	-0.0499675
369	0.000976562	0.121678	-1.14598	0.813247	0.00877877	0.0438859	-0.0434396
370	0.000976562	-0.911411	1.38274	-0.0608633	0.0261232	-0.059623	0.00469119
371	0.000976562	1.90766	0.348466	1.08837	-0.0598503	-0.0105353	-0.0236288
372	0.000976562	1.78773	1.07718	-0.43381	-0.116192	-0.0344748	0.0632257
373	0.000976562	-0.496379	2.46461	-0.0125567	0.015318	-0.0831413	0.0282697
374	0.000976562	0.720792	2.02888	0.390811	-0.0233168	-0.0710596	-0.0059886
375	0.000976562	1.24994	0.0926094	-0.126108	-0.0410749	-0.00883534	-0.0100085
376	0.000976562	-0.446723	-1.19588	0.0145132	-0.00283932	0.0383096	-0.00259095
377	0.000976562	2.21259	-1.26831	0.00579089	-0.150512	0.0287056	-0.00844502
378	0.000976562	-1.55722	-0.898719	-1.807	0.0564692	0.0239545	0.0916615
379	0.000976562	-2.10256	-1.35609	-0.421175	0.0768624	0.0430766	0.0157783
380	0.000976562	-0.116399	-1.37963	2.23477	-0.0237848	0.0926523	-0.0626747
381	0.000976562	-0.286732	-1.53584	-1.22197	0.013823	0.0708771	0.043776
382	0.000976562	1.61039	-1.21702	-0.723026	-0.0501533	0.0624815	0.0117418
383	0.000976562	-1.57792	-0.814156	-1.37799	0.0414809	-0.00338669	0.0788067
384	0.000976562	-0.814429	-2.29162	-0.810931	0.0233002	0.0749197	0.04834
385	0.000976562	2.30131	-1.15013	-0.740544	-0.0654827	-0.0216624	0.0450029
386	0.000976562	2.63129	1.4062	0.104683	-0.0862456	-0.0610978	-0.00396647
387	0.000976562	1.64067	-2.14967	-0.194589	-0.0600454	0.0906136	0.0247919
388	0.000976562	-0.806772	-0.631204	2.64229	0.0303903	0.0255473	-0.0960949
389	0.000976562	-1.38749	-0.0950557	1.85985	0.0394565	0.00881888	-0.0223158
390	0.000976562	1.86744	1.53733	-1.25507	-0.0675486	-0.0623634	0.023432
391	0.000976562	-0.0225076	-1.77704	-1.83895	0.000741813	0.0793093	0.0489772
392	0.000976562	-0.381922	1.47836	0.158585	-0.00866565	-0.0390961	-0.0143499
393	0.000976562	0.415614	0.7112	2.72452	-0.00439141	-0.0202392	-0.10296
394	0.000976562	-1.66499	-0.884941	-1.30815	0.0738598	0.028582	0.0422244
395	0.000976562	-1.1908	-0.473412	-2.36554	0.0491389	0.0091373	0.096657
396	0.000976562	0.932321	-2.70517	-0.079168	-0.0334602	0.102582	0.010434
397	0.000976562	1.50331	1.35102	0.368347	-0.05838	-0.0599424	0.0103244
398	0.000976562	0.524846	-2.33781	0.595696	0.0207152	0.097694	-0.0268802
399	0.000976562	-0.690126	2.23071	-1.08416	0.0269239	-0.0826005	0.0627049
400	0.000976562	0.466599	-0.365541	2.23769	-0.000211019	0.0175267	-0.051939
401	0.000976562	-0.511312	0.582246	-2.78957	0.00766723	-0.0382603	0.0919822
402	0.000976562	1.08159	-1.93083	-0.215722	-0.0274681	0.0742947	0.0291851
403	0.000976562	0.721218	-1.28244	-2.35298	-0.00937244	0.0485113	0.0961871
404	0.000976562	-0.564838	0.423579	-2.83932	0.02126	0.0132534	0.105337
405	0.000976562	0.357922	0.136003	1.74247	-0.00739838	0.00514554	-0.0546362
406	0.000976562	-0.449265	0.390015	1.43033	0.00428006	0.00640526	-0.0562562
407	0.000976562	2.35472	-0.651524	0.6033	-0.0712402	0.00382261	-0.0254929
408	0.000976562	-0.721937	1.0704	-0.159406	0.0122984	-0.0347565	0.00888951
409	0.000976562	1.20903	1.39046	-1.81648	-0.024594	-0.0441623	0.0559396
410	0.000976562	0.990975	2.14413	-1.56886	0.0360993	-0.0532576	0.0189958
411	0.000976562	-1.39493	-1.97486	-1.09434	0.0734293	0.0665749	0.0540639
412	0.000976562	-1.41219	1.58083	1.37865	0.0659078	-0.0532328	-0.0528338
413	0.000976562	1.01397	-1.59812	2.14492	-0.0228854	0.0753879	-0.0645999
414	0.000976562	2.69678	0.253488	0.883447	-0.100604	-0.00487079	-0.0382832
415	0.000976562	-0.00619027	-1.22906	-1.21212	-0.0310324	0.0503434	0.0976722
416	0.000976562	2.11327	-0.155681	-0.773154	-0.0894746	0.0166245	0.0345182
417	0.000976562	0.963804	0.542565	2.18662	-0.0334308	-0.0195108	-0.0748591
418	0.000976562	-0.942495	0.737343	2.23458	0.0394389	-0.0433461	-0.0870592
419	0.000976562	0.0503904	-2.20195	1.88686	0.00591184	0.0824333	-0.0639608
420	0.000976562	2.0909	-0.779089	1.52167	-0.0746795	0.0344431	-0.0549538
421	0.000976562	2.87279	0.223251	-0.166182	-0.105642	-0.00188966	0.00646608
422	0.000976562	-1.45476	-1.03162	0.0182589	0.112509	0.0217008	0.0192357
423	0.000976562	-1.40005	-0.494746	-0.273211	0.0507817	0.0053652	-0.0118303
424	0.000976562	-1.97412	-0.719355	1.43139	0.0707647	0.0384531	-0.0702742
425	0.000976562	-0.450082	1.86969	1.29065	-0.00947318	-0.0772318	-0.057434
426	0.000976562	-1.04108	-0.849217	-0.582253	0.0284486	0.0201688	0.0169622
427	0.000976562	-0.523826	-2.27508	0.117098	0.00671857	0.0786759	-0.00708276
428	0.000976562	-0.299333	-1.2161	-2.03109	-0.0103726	0.0185611	0.0670614
429	0.000976562	0.780106	1.77131	1.60924	-0.0493699	-0.108728	-0.0748136
430	0.000976562	-2.39213	1.15844	1.28095	0.094467	-0.0421884	-0.0431165
431	0.000976562	2.14438	0.137771	-0.218048	-0.0718358	0.0484446	0.0191719
432	0.000976562	-1.0205	2.13677	-0.243766	-0.0451006	0.0260416	0.0424678
433	0.000976562	0.535486	1.42433	2.04631	-0.0387833	-0.0598259	-0.0776625
434	0.000976562	0.956234	1.61409	0.233305	-0.0319967	-0.0809671	-0.0202624
435	0.000976562	-0.646795	0.555442	-1.15073	0.0143698	-0.0335325	0.0359203
436	0.000976562	0.249969	-1.10394	1.41304	-0.00728577	0.051208	-0.0464575
437	0.000976562	-1.6328	-1.02968	-1.71096	0.0745626	0.0583935	0.0648834
438	0.000976562	2.53672	0.961251	0.0421286	-0.078847	-0.034735	0.0195686
439	0.000976562	0.343843	-1.01927	0.681502	-0.0190367	0.0141363	-0.0195983
440	0.000976562	-0.465599	-1.70776	0.926016	0.0190534	0.0615857	-0.0399141
441	0.000976562	-0.73726	1.74444	-0.489232	0.0249341	-0.0649434	0.0245379
442	0.000976562	0.0465581	1.76024	-0.301521	-0.0210954	-0.062041	0.0100941
443	0.000976562	2.67971	-0.590993	0.497142	-0.10264	0.0197997	0.0238377
444	0.000976562	1.75985	-1.69236	0.410231	-0.0883037	0.0423179	-0.0328928
445	0.000976562	1.44872	-0.791851	-0.383744	-0.0669553	0.0477882	0.0074337
446	0.000976562	0.452027	-0.127432	1.50117	-0.0154334	0.00731953	-0.046861
447	0.000976562	-2.01593	1.04132	1.40316	0.0568293	-0.0307608	-0.0676563
448	0.000976562	0.527669	2.91909	0.00450357	-0.0178168	-0.0884612	0.00305308
449	0.000976562	-2.13471	1.16151	0.616092	0.0809067	-0.0453301	-0.0050966
450	0.000976562	0.538753	0.339352	2.59201	-0.0223208	-0.00410036	-0.0981416
451	0.000976562	-1.48997	0.615335	0.679361	0.0660942	-0.0171613	-0.00224338
452	0.000976562	-1.5662	-0.00414715	-0.108694	0.0621328	-0.0116924	-0.0147712
453	0.000976562	-0.267432	1.86007	-0.171961	0.0143662	-0.0544695	-0.0179231
454	0.000976562	1.47745	-1.88179	0.206593	-0.208371	0.108709	-0.0196624
455	0.000976562	1.91535	-1.82694	-0.190468	-0.0736889	0.0815061	0.0278232
456	0.000976562	0.647629	-1.79307	1.52034	-0.0285278	0.0643683	-0.0532187
457	0.000976562	-0.958701	-2.19414	-0.393782	0.0347176	0.0779005	0.00882212
458	0.000976562	0.954263	-2.32434	-1.13933	-0.0238882	0.085423	0.0338028
459	0.000976562	1.98733	0.929694	-1.72117	-0.0726154	-0.0274799	0.0691984
460	0.000976562	-2.2014	-0.16631	-0.381534	0.0862336	-0.00639745	0.0124095
461	0.000976562	-2.04778	0.619711	0.229569	0.0831108	-0.0192281	-0.00474416
462	0.000976562	-1.76181	0.68618	-0.947017	0.0862535	0.00982936	0.00921058
463	0.000976562	-1.52679	0.120524	-1.19063	0.0785376	-0.0190233	0.11706
464	0.000976562	-1.29154	-0.611919	-1.32739	0.0353902	0.00987261	0.049518
465	0.000976562	-1.7014	1.66118	-1.00141	0.0543277	-0.0642892	0.0367926
466	0.000976562	-0.825751	2.30863	-0.762982	0.0441084	-0.0980075	0.0316928
467	0.000976562	0.788025	0.151083	-2.12584	-0.0289151	-0.00593089	0.083705
468	0.000976562	1.5099	1.17217	2.17528	-0.0393733	-0.0720751	-0.0613886
469	0.000976562	-2.32625	-1.03733	1.09011	0.0535982	0.053729	-0.076708
470	0.000976562	-0.274026	-0.320905	-1.29815	-0.00241475	0.0136998	0.0499773
471	0.000976562	-0.770426	-1.13244	-2.03997	0.0323135	0.0316885	0.0744457
472	0.000976562	1.20876	-0.913278	-2.30051	-0.0378362	0.0176375	0.129409
473	0.000976562	-0.629559	0.35599	-2.18424	0.0158025	-0.044216	0.152342
474	0.000976562	1.88043	0.0496971	-1.55551	-0.0735378	-0.00150164	0.0643517
475	0.000976562	0.557038	1.79448	-1.0185	-0.0137146	-0.063047	0.0191424
476	0.000976562	-1.15648	-1.90666	-0.244496	0.0514846	0.0747827	0.00639816
477	0.000976562	-1.27701	1.1867	-0.579397	0.054773	-0.0471926	0.0209862
478	0.000976562	-2.29868	-0.585936	-0.308595	0.0944407	0.0328745	-0.00195522
479	0.000976562	2.54893	-0.078864	1.30092	-0.088591	0.00905835	-0.0426254
480	0.000976562	-1.15105	-2.47053	-0.823704	-0.0490087	0.0900701	-0.0692038
481	0.000976562	1.17007	-1.26575	2.14724	-0.0501036	0.0405713	-0.0549748
482	0.000976562	1.72399	-1.72049	-0.985416	-0.0560355	0.0994123	0.0472649
483	0.000976562	1.91648	-1.44284	-0.980382	-0.0862434	0.0545787	0.0479493
484	0.000976562	-2.49965	0.532953	-0.599739	0.101389	-0.00806386	0.0228757
485	0.000976562	0.798504	-1.31019	2.419	-0.0122009	0.0498125	-0.0899938
486	0.000976562	-2.2059	0.512391	-1.27346	0.0908866	-0.0206888	0.0295605
487	0.000976562	1.17577	-0.322659	-0.743411	-0.000993826	-0.036533	0.0279453
488	0.000976562	-0.640569	1.79909	0.906503	-0.0462594	-0.0439539	0.000578067
489	0.000976562	-0.771272	-0.0874226	-0.42356	0.0165804	0.00459547	-0.00152324
490	0.000976562	-1.43397	0.434931	-1.06691	0.0379032	-0.0390119	0.0375562
491	0.000976562	-2.05648	-0.273534	-0.0341434	0.171871	0.0326535	0.000417292
492	0.000976562	0.95267	1.58831	-0.0249475	-0.0330003	-0.0710404	0.0231351
493	0.000976562	-1.73018	1.89472	0.396237	0.0667408	-0.0633851	-0.0342018
494	0.000976562	-0.900205	-1.1523	-2.45465	0.031195	0.0409653	0.097625
495	0.000976562	0.979781	2.22886	-0.958796	-0.029258	-0.0876089	0.0191558
496	0.000976562	2.36372	0.116113	0.655297	-0.109262	-0.00341081	0.00212886
497	0.000976562	-0.87999	1.83205	-0.777713	0.0122945	-0.076518	0.0523073
498	0.000976562	-0.17507	1.92727	-0.265869	-0.0239281	-0.0893591	0.0268738
499	0.000976562	-0.494002	1.17662	-1.56347	0.0130122	-0.0463958	0.0493845
500	0.000976562	-0.154159	-1.20564	2.24323	-0.029452	0.00522853	-0.0828178
501	0.000976562	-1.25483	2.66758	0.269501	0.0571202	-0.0984996	-0.0273746
502	0.000976562	-0.982467	1.87799	1.13857	0.111401	-0.121092	-0.0844737
503	0.000976562	-0.496479	0.823322	1.65739	0.0252594	-0.0412875	-0.0409184
504	0.000976562	0.670836	-2.2102	0.609611	-0.0377387	0.0573244	-0.0406502
505	0.000976562	-1.12911	-0.351062	-1.08056	0.03167	0.0118603	0.044994
506	0.000976562	-0.649705	1.24136	0.802463	0.0155014	-0.0195985	-0.0168999
507	0.000976562	-0.0383003	1.20544	-2.52867	-0.00763815	-0.00900205	0.0931827
508	0.000976562	-1.64519	-2.00292	0.598502	0.057605	0.0693789	-0.0296894
509	0.000976562	1.06644	0.515725	-1.0042	-0.00794192	-0.0359268	0.0103517
510	0.000976562	1.96916	-1.25032	-1.4031	-0.0785895	0.0519356	0.0551312
511	0.000976562	0.36344	-0.0682451	-0.313879	-0.00711715	-0.00769843	0.00812826
512	0.000976562	-2.01225	0.145435	-1.39287	0.0940585	0.146136	0.104309
513	0.000976562	1.62572	-0.499987	0.55792	-0.049837	-0.000436826	-0.0128034
514	0.000976562	1.41365	-0.445857	-0.778414	-0.17256	0.00180572	0.131014
515	0.000976562	-1.07025	1.73475	0.656452	0.0461524	-0.0655699	-0.0221678
516	0.000976562	1.67844	-0.455124	1.46729	-0.0672999	0.0211727	-0.049055
517	0.000976562	-0.53599	-2.3451	0.290059	0.0110847	0.113282	-0.0402362
518	0.000976562	-0.245016	-1.3728	2.30266	0.0461819	0.0905489	-0.115202
519	0.000976562	-0.698164	-2.63341	-0.682116	-0.00632765	0.133565	0.0378147
520	0.000976562	-0.439994	2.19603	1.77262	0.0113123	-0.0806163	-0.0576891
521	0.000976562	1.07559	2.56216	-0.0358924	-0.0339612	-0.0888058	-0.000407632
522	0.000976562	2.03656	1.80071	0.979886	-0.0710439	-0.0564391	-0.0289324
523	0.000976562	1.71708	1.1876	-0.577716	-0.0487582	-0.0703417	0.0394049
524	0.000976562	-0.129152	0.485711	0.668643	0.00042346	-0.00610603	-0.00549575
525	0.000976562	1.23591	-1.45915	2.19659	-0.0585762	0.07168	-0.0752986
526	0.000976562	0.570356	1.98746	-1.33977	-0.0214184	-0.0611101	0.0225663
527	0.000976562	0.435012	0.458719	-1.74189	-0.0163828	-0.0245423	0.0758663
528	0.000976562	-0.972388	-0.182054	-2.6568	0.0262145	0.00401357	0.0976137
529	0.000976562	1.49648	1.07731	2.29874	-0.0444713	-0.025872	-0.105274
530	0.000976562	0.401625	0.507977	-1.17009	-0.00440755	-0.0268004	0.0320551
531	0.000976562	0.703337	-1.44038	-1.90232	-0.0347704	0.0640758	0.0515547
532	0.000976562	-0.529855	1.27539	0.735092	-0.0317982	-0.051504	0.00193005
533	0.000976562	-0.588589	0.424146	1.82024	0.00712393	0.013382	-0.0832133
534	0.000976562	-1.09354	0.630037	-1.92324	0.0540089	-0.0204049	0.0519775
535	0.000976562	-0.13798	-1.8639	-0.221885	-0.0093814	0.0631264	-0.00558993
536	0.000976562	-0.611196	-0.331235	-1.49785	0.000923065	0.00572483	0.0677534
537	0.000976562	1.39829	1.33993	0.491554	-0.0288276	-0.0566923	-0.0442239
538	0.000976562	0.554429	2.58467	1.3115	-0.0428702	-0.108156	-0.0274515
539	0.000976562	0.463726	0.66477	2.16123	-0.0201142	-0.0256169	-0.0801759
540	0.000976562	-0.592659	1.78078	0.892482	0.0837223	-0.0905166	-0.0359487
541	0.000976562	1.21139	0.494786	-1.38762	0.0525002	-0.0482218	-0.123483
542	0.000976562	-0.380141	1.01397	-2.19856	0.0137144	-0.0386303	0.0657256
543	0.000976562	-0.394978	-0.424367	0.253416	0.00802747	0.019366	-0.0169986
544	0.000976562	0.144859	-0.727307	1.5695	0.0131304	-0.00219228	-0.0239711
545	0.000976562	1.35377	-1.33759	-1.59396	-0.055705	0.0615524	0.0416309
546	0.000976562	0.550141	0.371492	1.85591	-0.0281713	-0.00635957	-0.0635366
547	0.000976562	-0.780931	-1.14836	-1.07594	0.0103407	0.0529298	0.0405083
548	0.000976562	-2.04241	-0.26903	-0.0318708	-0.00887866	-0.0258171	-0.0279077
549	0.000976562	2.1211	0.810245	1.61586	-0.0969307	-0.0477628	-0.0763882
550	0.000976562	-0.0882676	0.933054	1.40484	-0.012591	-0.0478067	-0.0276209
551	0.000976562	-0.792608	-2.52273	-0.68215	0.0376106	0.0869871	0.0277995
552	0.000976562	-0.6405	2.54258	0.396032	0.0297731	-0.0906657	-0.0254427
553	0.000976562	1.23068	2.35005	-0.333817	-0.0296147	-0.0792843	0.0144767
554	0.000976562	2.3768	-0.80089	-1.20891	-0.0835142	0.0486592	0.0420214
555	0.000976562	2.50762	-0.817042	0.892668	-0.0941771	0.0205726	-0.0546174
556	0.000976562	-1.28906	-2.28978	0.0102367	0.0435214	0.114389	-0.006611
557	0.000976562	1.0977	1.64056	-1.05798	-0.00784955	-0.0728888	0.0229665
558	0.000976562	0.353784	1.13942	-2.0036	-0.01775	-0.03732	0.0563231
559	0.000976562	-1.82046	-0.0320223	-1.96098	0.06999	-0.00189188	0.0758688
560	0.000976562	-0.394941	2.33798	0.800794	0.0220734	-0.0954235	-0.0393835
561	0.000976562	-1.03404	1.19709	-0.0209481	0.0457623	-0.0340318	-0.00281083
562	0.000976562	0.366738	-1.30443	0.741751	-0.0297402	0.0701763	-0.0493612
563	0.000976562	-1.21832	-1.02166	-0.0540439	0.0274309	0.0281727	0.000723931
564	0.000976562	-2.34414	-0.402305	1.37256	0.0858033	0.0153092	-0.0448415
565	0.000976562	-1.38639	-1.0896	-1.17775	-0.0295848	0.0139508	-0.0572668
566	0.000976562	2.20292	-1.5603	0.369917	-0.0799622	0.0321387	-0.0211959
567	0.000976562	-2.36854	-0.684515	0.255893	0.0937809	0.0234631	-0.0108095
568	0.000976562	-1.38618	0.943896	0.322494	0.0503321	-0.0361285	-0.0208741
569	0.000976562	1.29285	-0.793793	0.269528	-0.0353595	0.0303361	-0.0257993
570	0.000976562	1.85003	1.90061	1.27069	-0.0611304	-0.0599956	-0.0421977
571	0.000976562	0.248881	1.09322	-2.42705	-0.0202685	-0.0253126	0.0914892
572	0.000976562	-0.172847	2.1903	0.641235	-0.0167648	-0.0741978	-0.0185103
573	0.000976562	-1.42179	0.29013	1.83919	0.0612299	-0.017506	-0.0710315
574	0.000976562	0.00301119	-1.20743	-1.2608	0.0106631	0.0880005	-0.106192
575	0.000976562	1.42164	-0.320585	-0.494733	-0.0973404	-0.021292	-0.0299142
576	0.000976562	2.41742	-0.624721	-1.23651	-0.0974334	0.00179026	0.0527032
577	0.000976562	0.426634	2.51566	1.40106	-0.0149291	-0.0779136	-0.0748485
578	0.000976562	0.208447	1.25894	2.65858	-0.0741293	-0.00940949	-0.13232
579	0.000976562	-0.759455	-0.843236	0.098121	0.00794515	0.0223764	-0.00648416
580	0.000976562	1.10008	0.454446	1.3242	-0.0339311	-0.0160508	-0.0406393
581	0.000976562	-0.699079	2.20352	-1.8682	0.0235348	-0.07225	0.0557539
582	0.000976562	-1.07521	1.67636	-0.950575	0.0445065	-0.0642309	0.0589944
583	0.000976562	1.00802	-1.18267	-1.85212	-0.0161125	0.049154	0.037879
584	0.000976562	-1.15339	2.33407	-0.214076	0.0706682	-0.108987	0.0289999
585	0.000976562	1.52398	-1.56374	0.565993	-0.036341	0.0313519	-0.0563262
586	0.000976562	-1.38756	0.0606428	-0.538822	0.058867	-0.0563661	0.0245058
587	0.000976562	1.5566	0.214356	1.92906	-0.0444571	-0.0172668	-0.0521443
588	0.000976562	-0.244874	-0.141	-0.0286391	-0.00562876	0.0031671	0.00512076
589	0.000976562	-0.981135	-1.50894	-0.689516	0.0489157	0.0670364	0.0831337
590	0.000976562	-1.74166	1.36329	1.93257	0.0654853	-0.040967	-0.0659765
591	0.000976562	0.489156	-0.149136	-1.76442	-0.00113102	0.0172589	0.0625532
592	0.000976562	-0.749601	0.308912	0.822035	0.0752507	-0.014114	0.042674
593	0.000976562	-1.67246	1.61294	-0.0777435	0.0766331	-0.0536852	-0.00446306
594	0.000976562	-0.487878	2.04198	-0.407181	0.012121	-0.0806981	0.0266917
595	0.000976562	1.265	0.446806	-2.23272	-0.0408461	-0.033444	0.0837263
596	0.000976562	1.29435	1.28724	-2.256	-0.0416142	-0.0346725	0.0875143
597	0.000976562	0.374323	-0.90198	-0.238186	-0.00895492	0.0359124	0.00501018
598	0.000976562	0.879312	0.431802	-1.92737	-0.0268191	-0.0254459	0.0735918
599	0.000976562	1.74194	-0.709526	-1.1058	-0.0715565	0.0176126	0.0240818
600	0.000976562	-1.29134	-0.979877	-0.937132	0.0595397	0.00737989	0.027115
601	0.000976562	1.16904	-1.46244	-1.02383	-0.0331112	0.0598209	0.0362159
602	0.000976562	-2.27666	0.304794	0.755952	0.0586462	-0.00516697	-0.0858311
603	0.000976562	-1.08215	1.99929	1.66894	0.0528312	-0.0703294	-0.0597741
604	0.000976562	0.450477	-2.02976	1.17126	-0.0174768	0.0681616	-0.038693
605	0.000976562	1.60968	-1.11203	0.695851	-0.0511838	0.0398609	-0.0226898
606	0.000976562	0.987321	0.731295	-2.09974	-0.0298853	-0.0382592	0.0825051
607	0.000976562	-2.20075	0.706157	-1.51094	0.0793885	-0.0462633	0.0825386
608	0.000976562	-0.966031	-0.474705	-2.25521	0.012555	0.0120925	0.0832142
609	0.000976562	1.33404	-0.184844	-0.529645	-0.0373106	-0.046814	0.000781858
610	0.000976562	1.65569	0.182101	0.955852	-0.0558729	-0.00375174	-0.0278177
611	0.000976562	0.389618	1.31197	-2.39064	-0.0301001	-0.055305	0.0774583
612	0.000976562	-0.713976	-1.89145	-1.51247	0.0260939	0.0800009	0.0584842
613	0.000976562	1.10033	-1.27366	-2.27615	0.00719119	0.101536	0.166983
614	0.000976562	-2.04889	0.515017	-1.67033	0.0621632	-0.0236516	0.0899537
615	0.000976562	-0.294854	2.22973	-1.15561	0.00483522	-0.0826246	0.0454941
616	0.000976562	1.09905	-0.308941	-2.3773	-0.0485814	-0.0102174	0.0794239
617	0.000976562	1.96529	0.384479	1.63146	-0.0585161	-0.0102383	-0.0643927
618	0.000976562	-0.453612	-2.31751	-0.552035	0.00162055	0.0849358	0.0292482
619	0.000976562	0.221247	2.44776	-1.20697	-0.00297224	-0.0902755	0.0352627
620	0.000976562	-1.12219	0.816916	0.0353567	0.0348093	-0.0250495	-0.00401112
621	0.000976562	-1.78264	-2.0258	-0.0587334	0.0700978	0.0796434	-0.00392665
622	0.000976562	1.96363	0.915415	1.60128	-0.04599	-0.0624397	-0.0494805
623	0.000976562	-2.09105	1.30377	-0.470643	0.0586512	-0.047048	-0.0174627
624	0.000976562	-1.01153	1.89026	1.16247	-0.0322524	-0.0756838	0.037404
625	0.000976562	0.794118	1.07656	0.633582	-0.0167431	-0.0499797	-0.00497091
626	0.000976562	0.79212	0.724266	0.214503	-0.0593891	-0.0668085	0.00308489
627	0.000976562	1.51767	-0.703131	-0.146485	-0.0728514	0.027532	-0.00832463
628	0.000976562	-0.574075	-1.64307	-1.04173	0.0199213	0.0712784	0.0417236
629	0.000976562	-2.6149	-0.963958	-0.640044	0.0959753	0.0334079	0.0206046
630	0.000976562	-1.59603	-0.822388	-2.07497	0.0640166	0.0201322	0.0999211
631	0.000976562	1.34425	-0.872438	-2.2111	-0.107191	0.0102459	0.0984872
632	0.000976562	-1.9751	-0.410854	1.14647	0.0761287	0.00571205	-0.0418134
633	0.000976562	-1.84265	1.0855	-1.30254	0.0567639	-0.0565935	0.0580543
634	0.000976562	2.41219	0.543344	-1.17431	-0.0602321	0.047715	0.0910424
635	0.000976562	-1.77485	0.237201	1.01848	0.0657749	0.00780831	-0.0338017
636	0.000976562	1.4687	-1.88336	0.189359	0.0443929	0.0576773	-0.0369312
637	0.000976562	-0.369278	-1.65714	0.313585	0.013601	0.0547423	-0.0209534
638	0.000976562	-1.31313	0.268402	-1.75778	0.0483916	-0.016549	0.0711703
639	0.000976562	2.36756	-0.887013	0.656186	-0.0792138	0.0366074	-0.0241871
640	0.000976562	-2.21747	0.815982	-1.34125	0.0878541	-0.0618278	0.0404652
641	0.000976562	2.69323	-0.566948	0.622684	-0.10776	0.00310776	-0.0590875
642	0.000976562	1.50049	-0.17451	1.98249	-0.0446512	0.0243691	-0.0734656
643	0.000976562	1.12993	0.191995	1.8059	-0.049077	0.0177232	-0.0634334
644	0.000976562	0.969276	-1.85436	-1.64618	-0.0260539	0.0800686	0.0600336
645	0.000976562	2.18072	-0.90923	-0.295957	-0.0657152	0.00526728	0.0242617
646	0.000976562	0.230934	1.12028	-1.30349	0.0561314	-0.127095	0.0566657
647	0.000976562	-0.547875	-1.74813	-0.466613	0.00657052	0.0597805	0.0182988
648	0.000976562	0.90945	2.6891	0.975803	-0.0378915	-0.0911647	-0.0224308
649	0.000976562	0.158044	-0.437455	-2.31465	-0.000453245	-0.00407037	0.0922623
650	0.000976562	-0.133798	-1.96622	0.48222	-0.00725172	0.0741822	-0.0344988
651	0.000976562	0.337912	-1.49647	-2.23142	-0.0196598	0.0546503	0.0890996
652	0.000976562	1.67196	-1.64155	0.0206064	-0.0507969	0.0454167	0.0195425
653	0.000976562	0.161026	-1.62806	-0.0405325	-0.00576576	0.0522481	-0.000634277
654	0.000976562	-0.478027	2.48309	0.0278171	-0.00732953	-0.105499	-0.0205652
655	0.000976562	-0.39749	-1.12509	-2.45847	0.0173075	0.0703268	0.089465
656	0.000976562	-1.10788	0.703781	1.54697	0.0537073	-0.0266888	-0.0726777
657	0.000976562	0.248492	1.58579	-2.01786	-0.00762823	-0.0604475	0.0591673
658	0.000976562	0.507581	2.31383	-1.65764	0.00181843	-0.0969254	0.0572189
659	0.000976562	-1.60376	1.52566	1.85047	0.0458737	-0.0629473	-0.0563628
660	0.000976562	-1.47822	-0.924238	0.775812	0.0527162	0.0403957	-0.0424097
661	0.000976562	-0.599146	0.799313	-0.0179573	0.00584913	-0.0221315	-0.00552707
662	0.000976562	0.665977	0.725247	-0.286813	-0.0210727	-0.0333105	0.0183071
663	0.000976562	-0.357794	2.13064	0.582374	0.0168322	-0.0652396	-0.00913109
664	0.000976562	1.04404	-1.77205	-1.40382	-0.033185	0.0676699	0.0365563
665	0.000976562	-0.897788	-0.942072	-1.00071	0.0187662	0.0190239	0.040058
666	0.000976562	0.600875	-1.01605	1.59218	-0.0242524	0.0437604	-0.053187
667	0.000976562	-2.39047	-0.992393	1.02142	0.120772	-0.0195942	0.0053976
668	0.000976562	0.602832	-2.1809	-0.370509	-0.04667	0.0713295	-0.0379119
669	0.000976562	-1.1049	0.841358	-2.17018	0.0657831	-0.0321645	0.0895207
670	0.000976562	1.00215	-0.209417	-1.30739	-0.0374346	-0.026496	0.0576957
671	0.000976562	-0.977895	0.15913	1.18853	0.0231352	-0.00995173	-0.0461174
672	0.000976562	-0.00116004	2.01592	-0.713017	-0.00831479	-0.0799156	0.0330646
673	0.000976562	-1.53663	-0.659792	-0.40142	0.0753168	0.0367651	0.010834
674	0.000976562	-2.24751	0.817532	-0.50372	0.0854922	-0.0377147	0.0054732
675	0.000976562	2.0854	-1.23557	-0.0412585	-0.0269597	-0.0185754	0.0383376
676	0.000976562	1.22814	0.338411	-1.07924	-0.0401091	0.00226294	0.0275651
677	0.000976562	0.0189539	0.0832168	-2.40256	0.00122574	-0.00232576	0.0901337
678	0.000976562	-0.803381	0.409626	-2.48421	0.0315458	-0.0110065	0.103691
679	0.000976562	-0.658638	-1.44861	-1.83634	0.0429991	0.0697832	0.0617912
680	0.000976562	-0.564731	-2.17599	-0.869554	-0.000366157	0.0769465	0.0532227
681	0.000976562	-1.12725	-1.15029	0.393239	0.0309817	0.055743	-0.0242734
682	0.000976562	-0.694434	-2.21213	0.358815	0.0484435	0.0735423	-0.0372508
683	0.000976562	0.694946	2.07828	-1.69252	-0.0179015	-0.0733909	0.0873623
684	0.000976562	0.0281881	2.59709	1.04087	-0.0878277	-0.09643	-0.105849
685	0.000976562	0.969276	0.418155	-1.35373	-0.00137392	-0.0130519	0.0542411
686	0.000976562	1.35919	0.682805	-0.927296	-0.0393036	-0.0606723	0.0263933
687	0.000976562	0.709951	0.0510297	-1.57627	-0.0681547	-0.0591741	0.0318925
688	0.000976562	2.17404	-0.373459	-1.35981	-0.0795587	0.00119394	0.0543535
689	0.000976562	2.72371	0.0209275	0.410541	-0.101872	0.00453804	-0.00924488
690	0.000976562	1.0691	-1.30752	0.887646	-0.0341887	0.0519431	-0.0332981
691	0.000976562	-0.139283	-0.492752	2.39532	0.0085287	0.0154007	-0.0550646
692	0.000976562	0.982248	-1.27506	-0.434334	-0.0285246	0.0542501	0.011385
693	0.000976562	0.498132	-1.69413	-0.294413	-0.00715488	0.0649628	0.0205932
694	0.000976562	-0.495043	-0.994282	0.850309	-0.00775222	0.0609816	-0.0248301
695	0.000976562	-0.402598	-2.26672	-1.67421	0.00780601	0.0867509	0.0513622
696	0.000976562	0.732798	-2.21619	0.604856	-0.00923716	0.0579149	-0.0447503
697	0.000976562	2.01306	-1.47173	0.0212708	-0.0477119	0.106534	0.0236856
698	0.000976562	2.03612	0.321322	-0.079813	-0.0708816	0.0401291	-0.0352438
699	0.000976562	0.331633	1.33775	-0.62386	-0.0266679	-0.0622912	0.0504981
700	0.000976562	-2.17992	1.37576	-1.15613	0.074831	-0.048461	0.0461267
701	0.000976562	-0.894937	0.843259	-1.91904	0.0310409	-0.0377811	0.037838
702	0.000976562	2.09435	0.48705	-0.484392	-0.0956629	-0.024125	0.0516912
703	0.000976562	0.155622	1.98231	1.31724	0.0266468	-0.0568325	-0.0437365
704	0.000976562	0.0775154	-0.0148113	2.36814	0.119555	-0.0148006	-0.068679
705	0.000976562	1.21149	0.518052	-1.37045	-0.0265284	0.0320605	0.0735919
706	0.000976562	-1.19159	0.747013	-1.3272	0.050948	-0.0434016	0.0580894
707	0.000976562	0.00206249	-0.926944	0.0672262	-0.00604461	0.0288366	-0.00325334
708	0.000976562	-1.58859	-1.72582	1.39154	0.0569639	0.0376909	-0.0349402
709	0.000976562	-0.660437	-1.50957	2.12144	0.0359945	0.0578694	-0.0710067
710	0.000976562	-0.568737	-2.2062	1.23087	0.027752	0.0647983	-0.0476421
711	0.000976562	-1.29232	0.459036	0.740339	0.0410247	0.00298441	-0.0159282
712	0.000976562	2.56024	1.34983	-0.286747	-0.081273	-0.0527316	0.0222619
713	0.000976562	1.3854	-0.430383	-0.537594	-0.0613299	0.0495963	-0.0083918
714	0.000976562	-2.01214	0.146947	-1.39231	0.0833097	-0.146282	0.0419201
715	0.000976562	0.799872	-0.523676	2.10658	-0.0178673	0.0374793	-0.0433446
716	0.000976562	1.61409	-1.99669	0.527191	-0.0429207	0.100282	-0.0517457
717	0.000976562	1.26491	0.157615	-2.22758	-0.0500111	0.0143763	0.200992
718	0.000976562	0.0242215	-0.330941	-1.0206	-0.00522483	0.01084	0.0375448
719	0.000976562	0.493718	-0.969918	-1.55838	-0.0177011	0.0293135	0.0443134
720	0.000976562	1.39574	-1.62191	1.81308	-0.0543062	0.0635801	-0.049994
721	0.000976562	0.107889	-1.37732	-1.99643	-0.0031745	0.0443631	0.0650464
722	0.000976562	2.44728	-0.981454	-0.0241487	-0.121497	0.00923501	-0.0266634
723	0.000976562	-0.387339	-0.311999	1.56804	0.00952097	0.0210497	-0.0598117
724	0.000976562	-1.81365	0.437501	1.09524	0.0732837	-0.025233	-0.0484893
725	0.000976562	1.2673	1.55632	-0.984603	-0.0608453	-0.0938708	0.0213937
726	0.000976562	-0.18114	0.600394	-1.2039	-0.00155658	-0.0359967	0.0365394
727	0.000976562	0.33492	0.555684	1.78751	-0.000171927	-0.0181243	-0.0571432
728	0.000976562	-0.0196555	0.650682	0.797819	-0.0113783	-0.0243471	-0.0356339
729	0.000976562	-0.276294	1.04622	1.81776	0.00649398	-0.0436725	-0.072757
730	0.000976562	1.32877	1.80711	0.811259	-0.0458456	-0.0647014	-0.0228706
731	0.000976562	0.740312	0.0851624	-1.56169	0.0339164	0.0554412	0.0841743
732	0.000976562	0.214294	-2.49275	0.319944	-0.00789213	0.0910317	-0.0172806
733	0.000976562	0.792092	-0.742231	-0.492508	-0.0031714	0.0734692	0.022854
734	0.000976562	-0.940988	-0.0321549	-0.742634	0.0432241	0.0116664	0.0239997
735	0.000976562	0.929928	-0.404864	2.2129	-0.0606852	0.015779	-0.0413189
736	0.000976562	-0.807219	1.21349	-0.587203	0.0111105	-0.0390729	0.0239025
737	0.000976562	2.28476	0.0804581	0.740538	-0.0529335	0.0202396	-0.0588164
738	0.000976562	-1.0839	-1.09185	-2.17332	0.0431998	0.0437066	0.0789607
739	0.000976562	0.279868	-2.39171	-0.300164	0.000670708	0.104755	0.0253459
740	0.000976562	-1.03203	1.77673	-0.694635	0.0616799	-0.0656229	0.0206626
741	0.000976562	0.55389	-2.17848	0.0136268	-0.0266566	0.0678021	-0.0112464
742	0.000976562	-1.35293	1.53385	0.899013	0.0650086	-0.0535588	-0.0302749
743	0.000976562	-0.534958	1.50224	-2.2668	0.0215172	-0.0516891	0.0945275
744	0.000976562	1.36597	0.519894	-0.798578	-0.0349255	-0.0199054	-0.0110313
745	0.000976562	-2.68368	-0.331326	-0.507864	0.108481	0.0143936	0.0222586
746	0.000976562	-0.45043	-1.31779	-1.8624	0.0152859	0.0459755	0.0498301
747	0.000976562	0.510263	-0.462107	1.44308	-0.021984	0.0204642	-0.042747
748	0.000976562	2.40281	-1.13653	0.882447	-0.0909351	0.0469299	-0.046719
749	0.000976562	-0.448463	-2.62866	0.688679	0.01587	0.0978091	-0.0202617
750	0.000976562	-2.39662	0.816351	0.157166	0.0926883	-0.03803	-0.0161242
751	0.000976562	1.22239	0.50496	-1.40088	-0.174132	-0.0544866	0.222622
752	0.000976562	-1.78235	0.480918	0.213166	0.0601976	-0.0107608	-0.00550716
753	0.000976562	-0.642146	1.83364	1.36013	0.0238295	-0.0722323	-0.0668644
754	0.000976562	1.11629	0.076601	-2.68522	-0.0369043	-0.0115353	0.0963297
755	0.000976562	-0.436533	0.0723967	-0.298737	-0.0272464	0.0269376	0.0165991
756	0.000976562	-2.01335	0.715142	-1.00524	0.0885363	-0.0395755	0.0332405
757	0.000976562	-0.304712	-2.05984	1.45858	0.0117952	0.0671475	-0.0588382
758	0.000976562	0.96442	-1.20924	-1.41116	-0.027365	0.045869	0.0344808
759	0.000976562	-1.93306	1.84161	-0.355523	0.0739761	-0.0722053	0.0148935
760	0.000976562	0.517967	1.84954	-2.23636	-0.0144266	-0.0631991	0.0737446
761	0.000976562	1.0232	-0.96609	1.12225	-0.0344286	0.0462718	-0.0173395
762	0.000976562	1.44301	-0.115428	-1.27711	-0.0758463	0.0171535	0.0750665
763	0.000976562	-0.227476	1.05563	2.31062	0.0183742	-0.0223666	-0.0872104
764	0.000976562	0.645487	-1.60426	-0.14985	-0.0365133	0.0463697	-0.0010402
765	0.000976562	0.992664	-1.72935	1.37729	-0.0409769	0.0652757	-0.0441869
766	0.000976562	1.56679	0.199535	2.1068	-0.0471836	-0.00394296	-0.106037
767	0.000976562	-1.60847	0.289037	2.33063	0.0720321	-0.00732996	-0.0816495
768	0.000976562	1.22528	1.88195	-1.64322	-0.00957815	-0.0502085	0.0352247
769	0.000976562	0.430403	-0.976075	0.935597	-0.027507	0.0267852	-0.0487685
770	0.000976562	0.131913	0.796267	0.705096	-0.0226073	-0.0463102	-0.0142653
771	0.000976562	0.594834	-1.55269	-0.495977	-0.0241568	0.0478593	0.0384998
772	0.000976562	-0.583343	1.56877	-0.394066	0.00733719	-0.0436044	0.0188141
773	0.000976562	1.50539	1.77978	-0.67846	-0.0628859	-0.053728	0.0029264
774	0.000976562	0.208447	-1.93004	2.08701	-0.00823299	0.070012	-0.0804067
775	0.000976562	0.69264	-2.50065	0.826145	-0.00685094	0.0991168	-0.0560817
776	0.000976562	0.978749	0.721425	0.776914	-0.0385418	-0.018168	-0.0351376
777	0.000976562	1.74033	-1.09691	-0.838757	-0.0768866	0.020036	0.0452363
778	0.000976562	-1.7395	-0.194392	-0.533411	0.0852691	-0.00741348	0.00240677
779	0.000976562	0.322552	-1.77349	-1.02218	-0.0237936	0.0737253	0.0361915
780	0.000976562	1.89057	0.486537	0.108408	-0.0383163	-0.0222039	-0.0317377
781	0.000976562	0.469338	-0.498412	-0.898035	-0.0103707	0.00634969	0.0388014
782	0.000976562	2.38376	0.452182	-1.44323	-0.08834	-0.0110487	0.0815875
783	0.000976562	0.108257	-1.41221	-1.51375	-0.0326662	0.0454304	0.0734931
784	0.000976562	-1.03668	-0.465005	1.73156	0.02874	0.026077	-0.0665308
785	0.000976562	2.03775	0.424866	0.506879	-0.0517773	0.0340953	-0.0538029
786	0.000976562	-1.58185	-0.127198	0.476307	0.061404	-0.0132599	-0.0178741
787	0.000976562	0.719787	-0.267394	1.004	-0.0315312	0.0149321	-0.0315273
788	0.000976562	1.64264	2.37032	-0.316819	0.0258779	-0.171699	0.0756447
789	0.000976562	0.852645	-0.629308	2.51536	-0.0206568	0.031378	-0.107417
790	0.000976562	-0.107026	-0.469187	2.5899	0.0029384	0.00259965	-0.107463
791	0.000976562	-0.284345	-0.831362	0.522472	-0.000770355	0.0242305	-0.0214163
792	0.000976562	-0.542188	-0.954951	-1.35394	0.0492694	0.000663901	0.0927035
793	0.000976562	-2.34787	1.44496	0.927601	0.106081	-0.0690024	-0.0525668
794	0.000976562	2.33201	0.249898	-0.145114	-0.141229	0.0552841	0.13611
795	0.000976562	0.174084	0.914757	-2.28751	-0.0100726	-0.0080227	0.0678484
796	0.000976562	-1.31558	0.290945	2.25218	0.0510857	-0.00363141	-0.0777055
797	0.000976562	-0.0904912	0.617709	-2.61305	-0.00532483	-0.00965339	0.0955677
798	0.000976562	-0.94027	0.148019	-2.12134	0.0375996	0.00401492	0.0831896
799	0.000976562	-2.22375	-1.2272	0.813146	0.0704552	0.0658567	-0.0128024
800	0.000976562	-1.77691	-0.955462	-1.27132	0.117516	0.0585463	0.0372253
801	0.000976562	0.429376	-0.934752	-1.97756	-0.0144288	0.0259645	0.065661
802	0.000976562	-0.0927545	0.0315572	1.64199	-0.000474074	0.00989719	-0.0584225
803	0.000976562	0.177297	-1.73796	1.86046	-0.00133924	0.0535348	-0.0621731
804	0.000976562	-0.767336	1.05816	-2.12253	0.0199383	-0.0811608	0.0789144
805	0.000976562	0.152152	0.290374	2.41692	-0.00903865	-0.0181642	-0.0914359
806	0.000976562	-1.32337	1.83281	-1.44294	0.031292	-0.0544466	0.0403037
807	0.000976562	0.708912	-2.30531	1.27263	-0.026676	0.0796406	-0.0540025
808	0.000976562	-0.265056	-1.23888	2.22285	0.0713229	0.0336995	-0.0525153
809	0.000976562	1.02407	-2.50745	1.00301	-0.0446981	0.0829113	-0.04918
810	0.000976562	-1.02507	0.599229	-2.17022	0.0419189	-0.00943996	0.0938621
811	0.000976562	-0.123272	0.711178	1.60303	-0.014013	-0.0161682	-0.055045
812	0.000976562	0.339895	1.2673	2.12237	-0.0197256	-0.0413379	-0.0771707
813	0.000976562	-1.98725	-0.400534	0.858689	0.0767642	0.00224632	-0.0184241
814	0.000976562	1.03946	-0.556552	-0.320099	-0.0491138	0.0119277	-0.0346025
815	0.000976562	2.11059	-1.29401	0.687338	-0.0679823	0.0470712	-0.0290603
816	0.000976562	0.90253	-0.654422	-1.74508	-0.0134041	0.0239148	0.0461296
817	0.000976562	0.416705	1.55992	1.16035	-0.0129915	-0.041264	-0.0312737
818	0.000976562	2.11631	-1.31756	0.010461	-0.0637226	0.0734284	-0.0302726
819	0.000976562	-0.0589839	-0.986638	1.10057	0.00620055	0.0354002	-0.0486623
820	0.000976562	-0.658253	0.696176	-0.438528	0.0106825	-0.028198	0.0182398
821	0.000976562	1.63518	1.47111	1.12194	-0.0543627	-0.0465103	-0.0403273
822	0.000976562	0.929698	2.22881	0.960651	-0.04659	-0.0772449	-0.019575
823	0.000976562	1.63989	-1.10647	-1.42508	-0.0576681	0.0454632	0.0498743
824	0.000976562	0.971951	0.437971	0.0397498	-0.044182	-0.0144837	-0.000857106
825	0.000976562	-1.89057	-1.5207	0.295319	0.0776669	0.0586695	-0.0186457
826	0.000976562	-0.524556	2.78459	0.319174	0.0173204	-0.114389	-0.00800163
827	0.000976562	-1.33955	-0.835786	2.08418	0.0450962	0.0393998	-0.0868093
828	0.000976562	1.56652	-1.08655	2.21011	-0.0794597	0.0380284	-0.0633007
829	0.000976562	-2.56952	0.0251171	0.923902	0.0961287	-0.0040362	-0.0208999
830	0.000976562	-0.0929989	-1.00757	-0.492521	-0.00601521	0.0352118	0.0145479
831	0.000976562	-2.46289	-1.13876	0.984152	0.125333	0.0787653	-0.0112459
832	0.000976562	2.04382	-0.992361	0.894828	-0.0612951	0.0276727	-0.04797
833	0.000976562	-0.164968	-2.57367	-0.529026	-0.0103319	0.108718	0.029365
834	0.000976562	-0.950829	-1.50195	-0.599254	0.0104061	0.0468321	-0.0210156
835	0.000976562	-1.08066	-0.692934	2.47769	0.0299671	0.0322288	-0.0821524
836	0.000976562	-0.55566	1.49223	-2.03083	0.0198768	-0.0445624	0.0437435
837	0.000976562	0.201025	0.0241866	0.538206	-0.0169501	-0.00915632	-0.0311348
838	0.000976562	1.04126	2.17019	-1.58379	-0.105842	-0.132766	0.0649402
839	0.000976562	-0.681409	-2.54636	0.734401	0.044568	0.0890158	-0.0339906
840	0.000976562	0.582406	-1.63774	0.172751	-0.0244973	0.0573471	-0.0214755
841	0.000976562	0.832417	1.04408	0.808175	-0.0306431	-0.0398362	-0.053732
842	0.000976562	-1.82274	-1.64805	-1.5197	0.0649318	0.072162	0.0509313
843	0.000976562	1.38353	0.0659393	1.01761	-0.0437718	0.00712101	-0.0324133
844	0.000976562	1.80106	0.380049	-0.155245	-0.00782495	-0.0973197	0.0182069
845	0.000976562	-0.63392	0.317366	-2.09848	-0.0361538	0.0344096	0.0142819
846	0.000976562	1.49108	-0.706561	1.43927	-0.0577473	0.0448322	-0.0448347
847	0.000976562	1.36507	-1.04302	2.27062	-0.0458095	0.0255303	-0.0817914
848	0.000976562	-2.11006	-0.732915	0.815115	0.0765143	0.0183114	-0.017478
849	0.000976562	-1.27073	-1.37062	-0.339051	0.0578502	0.0649371	0.0132961
850	0.000976562	-0.621806	0.11167	-1.69242	0.0154491	-0.00304823	0.0642066
851	0.000976562	-0.0302006	1.90514	2.26502	-0.000619319	-0.0758307	-0.077478
852	0.000976562	1.00194	-1.18915	2.20857	-0.0114181	0.0313215	-0.0748
853	0.000976562	-0.45291	-1.49969	-2.14306	0.025169	0.0877641	0.0870886
854	0.000976562	0.968038	-0.439031	2.7271	-0.0387256	0.00794963	-0.108858
855	0.000976562	0.152104	-0.627436	-1.99023	0.000963316	0.00358361	0.0575773
856	0.000976562	1.30558	0.624824	-1.60774	-0.0573665	-0.0390137	0.0981397
857	0.000976562	-1.45533	-1.57571	-0.0194873	0.0758921	0.0721409	-0.00147594
858	0.000976562	0.720574	1.93897	1.45528	-0.0284226	-0.078655	-0.0398755
859	0.000976562	-2.8097	0.480793	-0.358146	0.111464	-0.00581702	0.0104183
860	0.000976562	-1.46067	0.256899	-2.37831	0.0514768	-0.0132219	0.0887113
861	0.000976562	1.43183	-0.839393	-1.95605	-0.0961289	0.0164986	0.0483478
862	0.000976562	1.35545	-0.0260042	-1.13891	-0.0481479	-0.00528518	0.0378978
863	0.000976562	-1.30315	-0.657285	2.473	0.062198	0.0204519	-0.0849532
864	0.000976562	0.472562	-0.702287	1.77655	-0.020835	0.0263521	-0.0646673
865	0.000976562	1.88745	-0.402257	1.17714	-0.0712801	0.0167491	-0.0348861
866	0.000976562	-1.56117	-1.97394	1.14061	0.0380321	0.0860504	-0.0465161
867	0.000976562	-1.65814	-1.48785	-1.77336	0.0515799	0.0668045	0.0726642
868	0.000976562	-0.593101	2.77112	-0.778159	0.0150061	-0.0939504	0.0300652
869	0.000976562	-1.14616	-2.4701	-0.817568	0.145837	0.106791	0.146492
870	0.000976562	-2.09152	-1.23973	-1.24684	0.0785142	0.045908	0.0377676
871	0.000976562	2.05111	1.77584	0.464828	-0.068508	-0.076925	-0.0268348
872	0.000976562	-1.23577	-1.00039	0.536155	0.0513249	0.0403695	-0.0472828
873	0.000976562	1.42236	-0.624526	0.0510473	-0.048625	0.00924786	-0.0255526
874	0.000976562	2.30099	0.957954	0.208356	-0.0670349	-0.0110967	-0.0234089
875	0.000976562	-0.827537	1.36791	1.1496	0.00434636	-0.021115	-0.0302392
876	0.000976562	1.73424	1.22033	0.663609	-0.0585654	-0.0472183	-0.0451248
877	0.000976562	-0.080928	-1.65534	0.40468	-0.0106061	0.0550439	-0.0258627
878	0.000976562	0.812836	-2.1626	0.396239	-0.0289437	0.057419	-0.00135678
879	0.000976562	0.219514	-2.02529	1.64938	-0.00979524	0.0797495	-0.0548171
880	0.000976562	-0.0136662	1.3973	-0.606965	0.00483204	-0.0557521	0.0251143
881	0.000976562	1.20319	1.15633	0.370208	-0.0361609	-0.035402	-0.00910592
882	0.000976562	2.059	0.541447	0.438935	-0.0438463	-0.0372546	-0.079624
883	0.000976562	-1.1259	2.60445	0.108817	0.0378697	-0.102248	-0.000332911
884	0.000976562	-0.584682	0.29114	-2.07458	0.0368001	-0.0125047	0.0688137
885	0.000976562	-1.38285	-1.06487	0.0729786	0.0340028	0.0601167	-0.0525037
886	0.000976562	1.1454	-1.20384	-2.16415	-0.0753975	0.00411944	0.0193701
887	0.000976562	0.350918	2.15306	-0.476666	-0.023581	-0.0827204	0.0155443
888	0.000976562	-0.133547	-1.17648	1.83554	0.00901386	0.0441735	-0.047424
889	0.000976562	1.08496	0.334741	1.75484	-0.0311085	-0.0412542	-0.0437597
890	0.000976562	-0.907255	1.42805	1.21832	0.0671641	-0.0531685	-0.070172
891	0.000976562	1.47093	0.465189	1.13377	-0.0464284	-0.0276901	-0.0355583
892	0.000976562	1.49505	0.0232005	-0.841629	-0.0672959	-0.00850468	0.0260058
893	0.000976562	1.60598	-0.640012	0.718497	-0.0473748	0.026245	-0.0423391
894	0.000976562	-1.42371	1.82014	0.397816	0.0572445	-0.0622819	-0.0188941
895	0.000976562	1.57659	0.997198	1.9098	-0.0522625	-0.0285685	-0.0406935
896	0.000976562	1.01505	-0.149077	-1.31851	-0.0203965	0.0553385	0.0426902
897	0.000976562	-0.404822	-1.55318	1.20116	0.0154656	0.0517798	-0.0542463
898	0.000976562	-2.31034	0.421342	-0.283103	0.0795597	-0.00580232	0.000548072
899	0.000976562	1.76227	0.794073	-1.29838	-0.0751337	-0.0263633	0.0518362
900	0.000976562	-0.656519	-2.45097	-0.165583	0.0291308	0.117271	0.0116065
901	0.000976562	-1.7134	0.753403	-0.964623	0.0188686	-0.0961622	0.0435737
902	0.000976562	-1.18521	-0.777306	1.79969	0.0188903	0.0451085	-0.075861
903	0.000976562	-0.109451	1.72261	-1.3386	0.00595514	-0.0618436	0.0448643
904	0.000976562	-0.775929	0.91105	-2.10012	0.00991114	-0.0134841	0.0778636
905	0.000976562	-1.23413	1.12051	2.03697	0.0481185	-0.041978	-0.0734677
906	0.000976562	0.562035	0.196568	-2.28672	-0.00521783	-0.0153353	0.0995558
907	0.000976562	-0.0840537	1.57604	-1.70602	0.00424544	-0.0569148	0.0562649
908	0.000976562	-0.232551	0.0309965	-1.40534	0.00574165	0.0132632	0.0523196
909	0.000976562	-1.36288	-1.79573	0.424824	0.0537629	0.0708326	-0.0320422
910	0.000976562	-1.85111	1.94894	0.220755	0.0819525	-0.061414	-0.00805584
911	0.000976562	0.869606	-0.385157	-0.38795	-0.0301219	-0.0538716	-0.0182822
912	0.000976562	-0.250074	-0.0895609	0.988526	-0.00648023	0.019033	-0.0315072
913	0.000976562	-0.48783	-0.448673	-0.270304	0.00195786	0.0189688	0.00728969
914	0.000976562	2.09936	0.703758	1.47626	-0.077598	-0.0448244	-0.028085
915	0.000976562	-0.470014	0.519966	2.32349	0.0246267	-0.0203582	-0.0906356
916	0.000976562	-0.228732	-1.82845	-0.429812	-0.0019829	0.0564371	0.027591
917	0.000976562	-0.683616	1.42383	2.01447	0.0388497	-0.0556437	-0.0727597
918	0.000976562	0.270044	-1.74533	1.49175	-0.00747279	0.0514955	-0.0445874
919	0.000976562	-0.482951	-0.996143	-1.29116	-0.0169568	0.0500767	0.0162125
920	0.000976562	-0.215576	0.515642	2.67637	0.00690037	-0.0173441	-0.107505
921	0.000976562	1.34084	1.72809	-1.9646	-0.0749909	-0.0525379	0.0841334
922	0.000976562	1.51519	0.519376	-2.3049	-0.0685192	-0.0269273	0.084004
923	0.000976562	-0.577223	-0.928168	0.93417	0.0384294	0.0259972	-0.0743763
924	0.000976562	-0.455811	0.931396	1.76039	0.0284651	-0.0552478	-0.0851694
925	0.000976562	1.2293	0.757316	2.40242	-0.0411406	-0.0285114	-0.0857746
926	0.000976562	-1.47493	0.109671	1.51534	0.0625111	-0.00384753	-0.0554073
927	0.000976562	-1.62517	-1.6401	1.09429	0.0467301	0.047041	-0.0353312
928	0.000976562	1.63186	2.38263	-0.325684	-0.126027	0.00516097	-0.0494254
929	0.000976562	1.28297	-1.86994	-1.08843	-0.0444946	0.0766485	0.0337918
930	0.000976562	-2.18974	1.69374	-1.06469	0.0720096	-0.0666382	0.0350338
931	0.000976562	1.38903	-0.500417	1.46801	-0.0313859	0.00936215	-0.048285
932	0.000976562	-0.521506	1.37141	2.5635	0.0419585	-0.0431967	-0.110439
933	0.000976562	0.548754	-0.468573	-0.214128	0.00121292	0.0141433	-0.0134237
934	0.000976562	1.74876	2.09773	0.94276	-0.0527345	-0.0748043	-0.0217692
935	0.000976562	-0.653888	-0.266436	0.0376665	0.0244874	0.00459901	-0.0104933
936	0.000976562	-1.42847	-0.410965	1.69821	0.0573805	0.0167716	-0.0638915
937	0.000976562	-2.62802	0.710313	-0.240654	0.12297	-0.0378084	0.03843
938	0.000976562	-2.41101	-0.835602	0.689013	0.10101	0.0207325	-0.00741476
939	0.000976562	0.763201	2.34803	-0.0363253	-0.020854	-0.0797613	0.0048724
940	0.000976562	-0.728944	0.131631	-0.983489	0.0109039	-0.0182227	0.0565301
941	0.000976562	0.976499	0.687976	2.59483	-0.0370192	-0.0198413	-0.0957424
942	0.000976562	1.96629	0.653284	-0.303979	-0.0657016	-0.0629286	0.0194094
943	0.000976562	0.687779	0.782541	-1.35228	-0.0163519	-0.0446297	0.0483215
944	0.000976562	-1.8773	0.182246	-1.14641	0.0964983	0.00493334	0.00634409
945	0.000976562	0.0576495	1.13752	-0.724861	-0.00334149	-0.0388701	0.0334668
946	0.000976562	-1.20187	-0.840428	-2.39455	0.0429314	0.0267549	0.0959133
947	0.000976562	-0.288309	0.808683	0.740237	0.0074862	-0.0411379	-0.0149404
948	0.000976562	-1.55533	-1.31971	-0.446828	0.0784472	0.0544583	0.0204832
949	0.000976562	-0.533697	-1.51209	1.72854	0.0253575	0.0555597	-0.0550331
950	0.000976562	0.815387	1.46785	1.01716	-0.0331016	-0.0482601	-0.029775
951	0.000976562	-0.644411	2.19498	-0.837093	0.00532988	-0.0768352	0.0355391
952	0.000976562	0.243313	2.54531	1.3506	0.0136154	-0.103818	-0.0461557
953	0.000976562	1.92353	-0.0635465	1.92146	-0.0727386	0.0194303	-0.0717821
954	0.000976562	-0.321503	-2.37842	-0.236411	-0.0081836	0.0957848	0.00547781
955	0.000976562	-1.17581	-0.117962	-2.01226	0.0416694	0.00302972	0.0794019
956	0.000976562	-2.08584	1.18629	1.27493	0.0679081	-0.0616197	-0.0421683
957	0.000976562	2.08084	0.563597	0.365784	-0.0912695	-0.0364804	0.0419744
958	0.000976562	-0.59556	1.93278	2.08235	0.0227503	-0.0660488	-0.0724093
959	0.000976562	-0.278536	-0.677087	-2.64205	0.00926192	0.00623384	0.0992037
960	0.000976562	1.75176	1.08072	-0.381553	-0.00829859	-0.0487004	-0.0593471
961	0.000976562	-1.88123	2.11754	0.068947	0.0744893	-0.0862726	0.00883069
962	0.000976562	-2.33581	-1.07201	1.13495	0.0656891	0.05954	-0.0809936
963	0.000976562	1.07735	-1.22439	1.55038	0.019931	0.127746	0.0338186
964	0.000976562	0.0235702	-1.33605	-2.47327	-0.000247373	0.0341882	0.105051
965	0.000976562	2.24419	-1.69349	0.396393	-0.0981834	0.0990757	-0.0282704
966	0.000976562	-1.34176	0.636442	0.906826	0.0442332	-0.0299839	-0.0510704
967	0.000976562	0.836203	0.766893	0.207192	0.00758677	-0.00205432	-0.00604421
968	0.000976562	1.03347	0.753396	0.457379	-0.0490065	-0.0218019	-0.0199299
969	0.000976562	2.46405	0.972778	-1.11536	-0.0931373	-0.0383525	0.0354746
970	0.000976562	-1.90574	0.682475	1.39281	0.0681836	-0.0194039	-0.0612916
971	0.000976562	0.464747	1.38386	1.83522	-0.0209066	-0.04223	-0.0394026
972	0.000976562	2.53349	-1.18017	-0.634432	-0.125561	0.0272177	0.00832153
973	0.000976562	-0.153303	1.35934	-2.56556	0.0831767	-0.0114364	0.128967
974	0.000976562	-0.779859	-1.66583	0.0981089	0.0177202	0.0612839	-0.0433047
975	0.000976562	-0.186836	1.6748	-0.858554	0.00634159	-0.0595012	0.0417838
976	0.000976562	1.74928	-1.6596	1.15279	-0.0555411	0.0599211	-0.0523113
977	0.000976562	-0.698459	0.325216	2.62019	0.0176805	-0.0203003	-0.12921
978	0.000976562	-1.37996	-1.08554	-1.16956	0.131808	0.0866287	0.162449
979	0.000976562	-0.744973	0.517152	1.77328	0.0563211	-0.0180573	-0.0692464
980	0.000976562	0.542423	0.652478	1.74388	-0.0392177	-0.0393475	-0.0448053
981	0.000976562	-0.885016	-0.240369	1.65216	0.0232491	0.0112776	-0.0622213
982	0.000976562	-1.75821	-0.251801	1.29281	0.058615	-0.0044224	-0.053946
983	0.000976562	1.10908	0.080034	1.01117	-0.0261279	9.56207e-05	-0.0287353
984	0.000976562	2.33123	0.253235	-0.13684	-0.104715	-0.038684	-0.142031
985	0.000976562	-0.834339	-0.421612	-1.47681	0.0249433	0.0138349	0.0623147
986	0.000976562	-0.87349	-2.15708	1.44389	0.0341248	0.0745078	-0.0483421
987	0.000976562	0.472083	0.0434297	-1.9767	0.00048738	-0.0037024	0.0812578
988	0.000976562	-0.752983	2.52126	-0.224606	0.0208949	-0.105706	0.0270832
989	0.000976562	0.0796468	-0.103352	-0.675831	-0.00204395	-0.00224728	0.0194066
990	0.000976562	0.508018	-0.069807	-0.796505	-0.011776	-0.00991971	0.0280263
991	0.000976562	0.963142	-0.52393	-2.63736	-0.0326993	0.0234498	0.116112
992	0.000976562	-1.40025	-0.0464757	-0.471844	0.0628758	0.00589245	-0.0314421
993	0.000976562	-0.249061	-2.70166	0.78663	-0.0106347	0.101147	-0.0363159
994	0.000976562	1.69243	1.44686	-1.49377	-0.0569753	-0.0431836	0.0639556
995	0.000976562	1.91074	1.68984	-1.4782	-0.0725537	-0.0726177	0.0564344
996	0.000976562	-2.37818	-0.274105	1.55706	0.0819016	-0.00350702	-0.0772768
997	0.000976562	1.49804	0.621557	2.23814	-0.0544019	-0.0184435	-0.0805131
998	0.000976562	-2.32194	0.313891	0.705407	0.122328	-0.0207392	0.140797
999	0.000976562	1.8428	2.09994	-0.141003	-0.104552	-0.0825928	0.0172872
1000	0.000976562	2.10609	0.147979	1.86135	-0.0907505	-0.00582345	-0.0656133
1001	0.000976562	0.0487944	1.14617	2.25686	-0.00624014	-0.02915	-0.0775897
1002	0.000976562	1.50342	0.456542	-0.97537	-0.0723203	-0.00915049	0.0421545
1003	0.000976562	-1.73637	-0.766204	-0.990708	0.0811224	0.0271314	0.0207279
1004	0.000976562	2.21278	-0.188575	1.71775	-0.0878391	0.0219928	-0.052412
1005	0.000976562	0.223188	-0.0814626	0.205657	-0.0284823	-0.00992932	0.00681436
1006	0.000976562	-1.53023	-2.34178	-0.662288	0.0680096	0.0821634	0.020081
1007	0.000976562	1.67145	1.12859	2.0218	-0.0816025	-0.0571642	-0.0595435
1008	0.000976562	-0.290415	-2.15214	0.135946	-0.0134743	0.0722259	-0.0121304
1009	0.000976562	-0.670766	2.09942	0.36795	0.0222287	-0.0787571	-0.0161768
1010	0.000976562	-0.140802	0.626795	-1.56879	0.00424402	-0.0334792	0.0646974
1011	0.000976562	0.152425	-0.799599	-2.23266	0.0104859	0.0375975	0.132334
1012	0.000976562	1.72573	-0.75617	-1.28808	-0.0615584	0.0258909	0.0654498
1013	0.000976562	-1.00121	1.24099	-0.765164	0.0287044	-0.0402237	0.0359696
1014	0.000976562	1.74751	0.57564	-0.87332	-0.0785479	-0.0274287	0.0341987
1015	0.000976562	-0.541676	-0.733395	1.79063	0.0214869	0.0341826	-0.0603749
1016	0.000976562	0.0866013	1.38855	2.38662	-0.00627628	-0.0667301	-0.0838305
1017	0.000976562	-1.3586	-2.13228	0.0534908	0.0637957	0.0690359	-0.0164113
1018	0.000976562	-1.81724	1.55657	-0.663026	0.0604649	-0.0624996	0.0251663
1019	0.000976562	0.373374	1.9308	1.00148	-0.014878	-0.0566326	-0.0117098
1020	0.000976562	0.611371	1.14252	-2.56284	-0.0348222	-0.0295488	0.0915173
1021	0.000976562	-2.35912	0.696539	-0.768284	0.0941048	-0.030239	0.0372734
1022	0.000976562	-1.69286	0.591795	-1.30345	0.0514001	-0.043601	0.0695781
1023	0.000976562	1.32587	-2.54506	0.187433	-0.0540729	0.102721	2.72115e-05
