2.000000e+00
1024
0	0.000976562	0.278435	1.25467	0.590276	-0.0225208	-0.105162	-0.0332823
1	0.000976562	0.25343	-0.35873	0.81557	-0.0238591	0.0338233	-0.067862
2	0.000976562	-0.608151	1.62913	0.162149	0.124383	-0.246306	-0.0297463
3	0.000976562	1.67156	-0.118246	1.59859	-0.133815	0.0503071	-0.0908687
4	0.000976562	2.46281	0.198028	-0.444965	-0.218825	0.0010479	0.06229
5	0.000976562	-1.33224	1.49544	-0.20529	0.108744	-0.116983	0.0293506
6	0.000976562	0.622069	0.707752	2.48505	-0.0607035	-0.0616144	-0.188233
7	0.000976562	1.01669	-0.636131	-0.389286	-0.0933618	0.16085	-0.0223649
8	0.000976562	-1.02567	-0.654084	0.445353	0.0731884	0.0870962	-0.00412656
9	0.000976562	-1.60956	-1.81447	0.868975	0.132964	0.156122	-0.0544314
10	0.000976562	-1.37381	-0.130051	-1.37647	0.100964	0.0060892	0.156167
11	0.000976562	-2.00878	-1.62575	-0.707122	0.1593	0.132181	0.0771853
12	0.000976562	-1.13292	-2.0136	-0.95818	0.0831225	0.231824	0.132371
13	0.000976562	-0.391045	-2.32367	1.08081	0.123721	0.243151	-0.0729922
14	0.000976562	0.375618	-1.26422	0.134772	-0.0321065	0.0788639	-0.011718
15	0.000976562	-0.966612	0.918651	-2.03704	0.121263	-0.166251	0.174167
16	0.000976562	1.1657	-1.08547	-1.81523	-0.147714	0.118557	0.0738553
17	0.000976562	0.444611	0.568328	0.402732	-0.019404	-0.0517564	-0.0383861
18	0.000976562	1.93004	1.19413	-1.15133	-0.15975	-0.0675199	0.0567853
19	0.000976562	0.448791	2.21679	1.12353	-0.0490838	-0.139863	-0.0360077
20	0.000976562	0.798214	-0.361175	0.598316	-0.0748731	0.0300803	-0.0476474
21	0.000976562	-1.17655	0.692767	-0.397967	0.0773113	-0.0852891	0.0239351
22	0.000976562	-2.01303	-1.05122	0.407101	0.171146	0.0955854	-0.0191565
23	0.000976562	0.506832	0.479584	0.858817	-0.0469709	-0.0335251	-0.0683688
24	0.000976562	0.843287	-0.389214	2.13277	-0.0973643	-0.052618	-0.26038
25	0.000976562	-0.717698	-0.29781	2.20264	0.0714372	0.0212149	-0.159009
26	0.000976562	1.75285	0.445317	-0.479155	-0.0957289	-0.0374452	0.0804593
27	0.000976562	-2.3935	1.14821	-0.282537	0.189372	-0.105308	-0.0109227
28	0.000976562	1.49938	-1.76667	0.242492	0.018903	0.188536	0.0960446
29	0.000976562	1.66296	-1.46718	-0.876809	-0.109458	0.118549	0.0423595
30	0.000976562	-1.85537	0.719577	0.424615	0.152914	-0.0784155	-0.0470277
31	0.000976562	0.178818	0.566169	1.31826	-0.0440742	-0.0404092	-0.0699935
32	0.000976562	-1.08513	-0.532561	-1.57766	0.0347068	0.0100957	0.162317
33	0.000976562	0.00727912	-1.40747	-1.32434	0.101495	0.15131	0.182033
34	0.000976562	-2.43464	-0.307697	-1.05131	0.215987	0.0202235	0.0737461
35	0.000976562	1.09698	-0.691292	-1.83245	-0.0858758	-0.0321668	0.0797227
36	0.000976562	-0.249678	0.293334	2.21286	0.0203813	0.00881293	-0.178078
37	0.000976562	-1.03656	-0.699617	0.407292	0.037306	-0.0589937	-0.111988
38	0.000976562	-1.27139	1.74433	-1.74083	0.0816428	-0.112976	0.143269
39	0.000976562	-1.61874	-0.358864	-0.784789	0.164298	0.0359034	0.070303
40	0.000976562	-0.200272	-1.17479	0.476058	0.0109835	0.0955457	-0.0525834
41	0.000976562	-2.00899	1.2346	-0.505152	0.228616	-0.150278	0.156401
42	0.000976562	0.352799	-1.65809	-1.98884	-0.0489203	0.182244	0.13957
43	0.000976562	-0.0799649	-0.702763	2.46353	-0.0172586	0.102662	-0.190064
44	0.000976562	-2.25493	0.332667	0.550541	0.252585	-0.0552653	0.0619006
45	0.000976562	0.985886	1.64399	-1.21381	-0.0401657	-0.137968	0.0912597
46	0.000976562	0.474047	-2.31393	-0.081343	-0.0555495	0.246708	-0.00313577
47	0.000976562	-0.00495933	0.864455	-0.725172	0.00373896	-0.0384166	0.0596888
48	0.000976562	0.0786587	-1.44622	-2.2197	0.0027489	0.147191	0.192343
49	0.000976562	-1.40707	-0.400006	0.333904	0.116516	0.010238	-0.0166584
50	0.000976562	1.98204	1.32116	-1.26347	-0.196049	-0.111865	0.112509
51	0.000976562	-1.32375	-0.172889	1.02738	0.0985272	0.024286	-0.0806777
52	0.000976562	1.11322	-1.12467	-0.651461	-0.0696043	0.111501	0.0642123
53	0.000976562	1.08588	1.6301	1.55081	-0.106271	-0.110782	-0.122744
54	0.000976562	-1.31221	-0.651515	0.470997	0.128977	0.0392779	-0.0637293
55	0.000976562	-1.3052	-0.687483	-1.53548	0.0723721	0.027126	0.211484
56	0.000976562	-2.32018	0.171861	-1.08191	0.217499	-0.00731251	0.0729987
57	0.000976562	0.438424	2.62412	0.858886	-0.0351934	-0.204435	-0.0205846
58	0.000976562	-2.60923	-0.373254	-0.000396227	0.149565	-0.0488518	-0.100657
59	0.000976562	0.236463	1.03423	-1.23008	0.0033335	-0.111506	0.0988469
60	0.000976562	-0.276309	2.17093	-0.205676	-0.0267573	-0.192676	0.0377448
61	0.000976562	1.22998	-0.502902	2.2642	-0.126796	0.0374561	-0.170245
62	0.000976562	1.11443	1.22261	-0.973265	-0.0322335	-0.0355069	0.0526237
63	0.000976562	1.42713	0.801121	-1.41667	-0.123586	-0.0841013	0.141902
64	0.000976562	-0.243056	0.577098	1.99701	0.000340341	-0.0359939	-0.159985
65	0.000976562	-0.256868	2.56935	0.425236	-0.00842931	-0.214196	-0.0370316
66	0.000976562	-1.91779	0.764768	-0.575816	0.1196	-0.0776389	0.0284953
67	0.000976562	-0.270662	-0.938344	-1.45321	-0.00331363	0.0352321	0.149522
68	0.000976562	-1.87413	0.814757	-0.0494472	0.144421	-0.0865944	0.0026878
69	0.000976562	-1.19595	-1.37225	0.88246	0.0683194	0.116003	-0.101492
70	0.000976562	-1.38158	0.965521	0.1194	0.139015	-0.099289	0.0112502
71	0.000976562	-0.436337	0.360283	-1.17168	0.0112734	-0.0352178	0.101903
72	0.000976562	1.21946	-0.372892	-0.661273	-0.076012	-0.0172567	0.16828
73	0.000976562	-1.4573	-0.771489	1.74555	0.144786	0.0738914	-0.154325
74	0.000976562	2.24713	-1.11848	-0.682122	-0.0575807	0.0725563	0.10321
75	0.000976562	-0.688652	1.4361	-1.46474	0.0597169	-0.126182	0.104622
76	0.000976562	-1.79626	-0.213885	-1.10138	0.169281	0.0252578	0.0641364
77	0.000976562	1.92427	-1.36035	0.0220779	-0.0712085	0.253718	0.0368364
78	0.000976562	-0.456103	-2.00424	0.539822	0.0323832	0.145389	-0.0952576
79	0.000976562	0.277391	-1.17635	0.556912	-0.00794982	0.113187	0.00939667
80	0.000976562	2.22726	-0.485374	0.322953	-0.164264	0.00701502	0.00521675
81	0.000976562	-1.29103	-0.150008	-0.534105	0.0725936	0.0743243	0.0517118
82	0.000976562	-1.46876	0.118492	-1.12241	0.0684434	-0.000111811	0.0848313
83	0.000976562	-0.690134	0.238054	1.3808	0.0665151	0.0236034	-0.133374
84	0.000976562	-2.19039	-0.787643	1.30474	0.179094	0.0566288	-0.146867
85	0.000976562	1.01562	0.722503	1.18709	-0.0763416	-0.0804329	-0.0839406
86	0.000976562	-1.68808	-0.835067	0.997068	0.0629189	0.0475086	-0.0666121
87	0.000976562	2.15411	0.361796	-1.20108	-0.122728	0.0439769	0.0981416
88	0.000976562	-0.671062	0.298187	2.42416	0.0969695	0.0537163	-0.0943595
89	0.000976562	-0.800474	0.701138	-1.16591	0.048226	-0.0983248	0.0992311
90	0.000976562	-1.60304	-2.05033	0.439105	0.135107	0.195777	-0.0296487
91	0.000976562	1.0992	1.79231	0.0651124	-0.0890363	-0.160354	0.00030214
92	0.000976562	-0.372807	0.1977	1.0758	-0.0353315	0.014367	-0.0967821
93	0.000976562	-2.25077	-1.46172	-0.496734	0.202748	0.108301	0.0363027
94	0.000976562	0.694593	2.22532	0.714577	-0.053958	-0.166574	-0.00352322
95	0.000976562	-0.0134296	2.41819	0.258802	-0.0388858	-0.186786	0.00472486
96	0.000976562	-0.425281	-2.34047	1.07504	-0.0818079	0.126779	-0.121904
97	0.000976562	2.18661	0.89858	0.184255	-0.218882	-0.16105	-0.00573075
98	0.000976562	-0.143846	-0.614139	2.64305	0.0259316	0.0510579	-0.250631
99	0.000976562	-1.78028	-0.859672	0.999956	0.183463	0.112555	-0.0905619
100	0.000976562	-2.47153	0.661252	-0.237959	0.170474	-0.0638028	-0.0670455
101	0.000976562	-1.20231	-1.37998	0.0541082	0.0869322	0.125935	-0.0427303
102	0.000976562	-0.774129	-0.152861	-0.876793	0.009869	0.0466231	0.0977542
103	0.000976562	-0.822723	0.513402	0.907024	0.119056	-0.110394	-0.055525
104	0.000976562	1.27073	0.828954	1.78269	-0.0658635	-0.0639905	-0.102805
105	0.000976562	1.15602	-0.794209	-1.94419	-0.0642074	0.0303028	0.124728
106	0.000976562	-1.96029	1.09259	0.884107	0.148181	-0.0857827	-0.0640417
107	0.000976562	0.473979	-1.36594	-1.86252	-0.0186614	0.122274	0.120067
108	0.000976562	-1.28679	-0.463886	-0.544118	0.0791933	0.0477704	0.0532991
109	0.000976562	0.969102	-0.842677	1.17008	-0.0680858	0.0129819	-0.136371
110	0.000976562	0.794961	-0.476858	-0.465197	0.0507224	0.0466978	0.0513131
111	0.000976562	0.88202	1.34548	0.191266	-0.0465802	-0.0743403	-0.0410323
112	0.000976562	-2.14332	-0.460335	-0.497862	0.191839	0.0441913	0.0676661
113	0.000976562	-2.15467	0.673324	1.14747	0.183984	-0.0302286	-0.0797427
114	0.000976562	-0.597187	0.154929	-0.763131	-0.0353424	-0.0607134	0.0388762
115	0.000976562	1.88664	-0.671685	-1.52909	-0.183798	0.0221253	0.130378
116	0.000976562	0.304949	1.57682	-0.251334	-0.0625745	-0.133548	0.00395592
117	0.000976562	-1.92076	-1.61774	-0.372641	0.156078	0.120539	0.0239874
118	0.000976562	0.156658	-0.703707	1.50552	-0.0162001	0.114535	-0.171812
119	0.000976562	-0.814477	0.0174424	-0.71121	-0.0360138	-0.0715053	0.0245418
120	0.000976562	-0.778686	-1.28113	-0.0341751	0.0242368	0.0885204	-0.0173045
121	0.000976562	1.03016	-1.1879	0.127885	-0.0687859	0.08362	-0.0254041
122	0.000976562	-1.0949	0.371762	2.38718	0.0988625	0.012	-0.210517
123	0.000976562	0.0579431	-1.23111	2.11434	-0.0848737	0.104392	-0.158985
124	0.000976562	-0.945123	2.01352	-0.216502	0.0740591	-0.134173	0.0459619
125	0.000976562	-0.283416	-0.852516	2.16637	0.0430047	0.0684665	-0.125805
126	0.000976562	2.31358	-1.07333	-0.229114	-0.240677	0.101187	0.0546221
127	0.000976562	-0.0258497	1.60229	1.95271	0.00317672	-0.136703	-0.121464
128	0.000976562	-1.05755	-2.27856	-0.442848	0.114294	0.209055	0.00183164
129	0.000976562	-2.12538	0.462708	-1.36686	0.232789	-0.00813842	0.156787
130	0.000976562	0.823043	-0.460088	-0.601793	-0.0189971	0.0190424	0.149334
131	0.000976562	-0.892147	0.707629	-1.21903	0.0446023	-0.0954994	0.102854
132	0.000976562	-1.7755	-0.497193	1.32987	0.120053	0.0168831	-0.152978
133	0.000976562	1.64449	-1.81971	0.515361	-0.19595	0.166203	-0.13947
134	0.000976562	-2.19419	1.34035	0.861569	0.103535	-0.0819867	0.0205218
135	0.000976562	1.77897	-0.0661731	2.11785	-0.136341	0.0301779	-0.188113
136	0.000976562	1.28459	-0.39234	-0.714581	-0.235077	0.0752855	0.140283
137	0.000976562	0.144016	2.26239	1.30644	0.0487594	-0.13923	-0.127735
138	0.000976562	1.19738	-1.75783	-0.0450594	-0.0732621	0.117696	0.047986
139	0.000976562	-1.30718	2.14266	-0.0381522	0.150199	-0.169669	0.00454064
140	0.000976562	-1.00487	-1.02452	-0.299251	0.0273042	-0.0180371	0.0134757
141	0.000976562	-0.327755	-0.726615	2.31305	0.0697551	0.0638314	-0.18711
142	0.000976562	1.29386	1.34759	-1.14286	-0.110961	-0.0835945	0.118357
143	0.000976562	0.459239	1.60685	1.65145	-0.0141346	-0.136685	-0.131808
144	0.000976562	-0.860779	1.58917	1.26165	0.0656244	-0.09959	-0.170475
145	0.000976562	-0.0391176	-0.200794	0.341114	0.0458735	0.0486342	-0.0783238
146	0.000976562	0.681738	0.0462318	2.04368	-0.0538827	-0.00934556	-0.167149
147	0.000976562	0.850784	-0.455297	-0.398734	-0.0252975	0.0811086	-0.0430191
148	0.000976562	1.73841	-0.779937	-1.58273	-0.135136	0.0670959	0.147121
149	0.000976562	0.396374	-0.633322	-0.862676	-0.00724132	0.0997031	0.0804855
150	0.000976562	1.45896	-0.975601	0.848439	-0.0936034	0.0715673	-0.105905
151	0.000976562	0.0224873	0.00698252	2.23548	0.0236068	0.0130789	-0.168857
152	0.000976562	0.266808	1.90151	1.25484	-0.0981522	-0.130529	-0.110212
153	0.000976562	-1.13712	-1.92623	-0.944684	0.0654752	0.0891337	0.066288
154	0.000976562	-2.38848	1.19919	-0.571549	0.196371	-0.104583	0.0528013
155	0.000976562	-1.03639	1.27217	-0.858105	0.0944608	-0.109792	0.12565
156	0.000976562	1.14531	1.78103	-1.57879	-0.186269	-0.158049	0.0927982
157	0.000976562	-1.70226	-0.792903	-0.0427903	0.257009	0.0588031	0.123001
158	0.000976562	-1.55436	0.739395	-2.17233	0.120514	-0.0658964	0.15634
159	0.000976562	-0.243923	-0.962849	-1.05563	-0.00603623	0.0368028	0.0390484
160	0.000976562	-0.13078	1.24635	-2.42396	0.0461871	-0.15675	0.199981
161	0.000976562	-1.73252	0.185244	-1.12231	0.0491548	-0.103468	0.101076
162	0.000976562	-1.07123	0.536615	2.34903	0.0984354	-0.0817764	-0.191861
163	0.000976562	1.7037	1.28859	0.345248	-0.138798	-0.125638	-0.0150647
164	0.000976562	0.0184161	1.3413	-2.29265	-0.0397912	-0.158081	0.108444
165	0.000976562	-2.15261	-1.1338	-0.257527	0.200935	0.0758012	-0.00435909
166	0.000976562	-2.62757	-0.390507	-0.021852	0.272221	0.101975	0.0679562
167	0.000976562	-1.40268	0.547464	1.40079	0.131897	-0.0522207	-0.128359
168	0.000976562	-1.4312	0.685375	0.765918	0.156314	-0.114336	-0.083588
169	0.000976562	-0.859033	-1.28281	-1.26361	0.0313352	0.12969	0.144197
170	0.000976562	-0.999601	0.734006	1.29124	0.0950936	-0.0972887	-0.0783284
171	0.000976562	-1.34919	1.84552	-1.48034	0.111535	-0.169834	0.12257
172	0.000976562	-0.953727	1.72871	1.14094	0.168922	-0.0334531	-0.188395
173	0.000976562	0.292807	1.2352	-0.524435	-0.0734461	-0.0397122	-0.109345
174	0.000976562	1.07644	-2.11658	-1.30818	-0.0820077	0.167572	0.100349
175	0.000976562	2.53715	0.901752	0.0585063	-0.299702	-0.0409042	-0.0157525
176	0.000976562	-0.541836	1.52471	-2.01364	0.0686638	-0.208165	0.13828
177	0.000976562	0.143841	-0.774703	-2.11498	0.033191	0.0931403	0.309041
178	0.000976562	0.68205	0.351049	-1.1582	-0.0145718	-0.0310354	0.0616208
179	0.000976562	-2.39121	-0.116774	-0.352107	0.210417	-0.0190283	0.012167
180	0.000976562	-1.58961	-0.348004	-0.68677	0.16244	0.0398695	0.0604791
181	0.000976562	-1.84206	-0.247596	-1.26616	0.175426	0.0403796	0.158409
182	0.000976562	1.7585	0.333828	1.9534	-0.151659	-0.050653	-0.169099
183	0.000976562	1.26657	-0.886531	1.63643	-0.115076	0.0707411	-0.123073
184	0.000976562	-2.16839	-0.541084	-1.53459	0.18038	0.0397066	0.135578
185	0.000976562	1.0205	-2.14791	-0.548092	-0.091374	0.175305	0.0656483
186	0.000976562	-1.2487	0.0718482	-0.838024	0.0863998	-0.034184	0.0580871
187	0.000976562	-1.41049	-1.22372	1.63665	0.187679	0.104067	-0.172449
188	0.000976562	-2.19371	0.827916	1.38055	0.180386	-0.0427614	-0.136375
189	0.000976562	-1.1372	-0.58746	-0.0983842	0.0617375	0.0153151	-0.0236467
190	0.000976562	0.926601	-0.401214	-1.67377	-0.0706561	-0.00782267	0.12797
191	0.000976562	-0.667668	1.21046	0.814325	0.155727	-0.100006	-0.122195
192	0.000976562	2.18508	-1.13061	-0.666357	-0.311196	0.136524	0.0692608
193	0.000976562	-0.675852	0.342813	0.903372	0.0328927	-0.097327	-0.148803
194	0.000976562	2.00282	0.906372	-0.875719	-0.170582	-0.0800631	0.0539284
195	0.000976562	0.0206552	-1.735	-1.94668	-0.00178595	0.186551	0.162438
196	0.000976562	1.49533	-1.65406	0.335955	-0.0527253	0.0426638	-0.0810094
197	0.000976562	0.940191	-0.498284	-2.33058	-0.0558811	0.0288168	0.146187
198	0.000976562	0.515609	0.435921	0.0888227	-0.00794168	-0.0480783	0.0106852
199	0.000976562	0.31571	-0.495172	2.51616	-0.0229786	0.0668997	-0.230255
200	0.000976562	0.556186	-2.06934	-0.306303	-0.0615828	0.151106	0.106424
201	0.000976562	-1.29749	1.58991	-0.226895	0.108329	-0.130521	0.0326559
202	0.000976562	0.822007	-0.362071	-2.56228	-0.0161914	-0.0107213	0.226511
203	0.000976562	1.53424	0.0768408	1.64615	-0.0949239	-0.00259462	-0.0772811
204	0.000976562	1.36989	1.66308	-1.12002	-0.129995	-0.170546	0.071755
205	0.000976562	1.78064	0.426598	-0.158063	0.000105048	-0.0653981	0.0143841
206	0.000976562	-0.421042	1.71353	1.00329	-0.0466595	-0.131085	-0.0703337
207	0.000976562	2.29111	-1.02962	0.319027	-0.201403	0.0749443	-0.0357531
208	0.000976562	-0.60018	1.61772	0.158098	-0.0524705	-0.00508721	-0.00366125
209	0.000976562	-1.44639	-1.15426	-1.31496	0.125202	0.159463	0.135972
210	0.000976562	0.231496	1.17687	2.52855	-0.0803576	-0.0565242	-0.23487
211	0.000976562	1.12606	1.67386	-1.79702	-0.042108	-0.0781444	0.191045
212	0.000976562	-0.677846	-0.410098	1.03927	0.0736549	0.0419463	-0.0869263
213	0.000976562	-1.16727	-0.996338	-0.856262	0.0289002	0.136581	-0.0273943
214	0.000976562	1.05363	1.23298	1.51285	-0.0880203	-0.0831154	-0.0990082
215	0.000976562	-1.18233	0.334436	0.249289	0.0897144	-0.0219431	-0.0175617
216	0.000976562	1.66109	0.972291	0.445937	-0.109303	-0.0533426	-0.0420297
217	0.000976562	0.0143924	-1.41755	-1.3115	-0.128864	0.237248	-0.0109746
218	0.000976562	-0.309759	0.046953	0.220427	0.0167472	-0.0352272	-0.0274435
219	0.000976562	0.87383	-0.823433	-2.19337	-0.00333155	0.0391957	0.202554
220	0.000976562	-1.01427	-1.767	0.278113	0.0696374	0.162438	-0.0676867
221	0.000976562	-0.758373	-1.58028	-0.0241209	0.0448048	0.15622	0.0863163
222	0.000976562	-1.6751	1.01019	0.81201	0.119059	-0.100038	-0.0609393
223	0.000976562	-1.9843	-0.987047	-1.13424	0.208016	0.046494	0.0682621
224	0.000976562	0.193901	2.59727	-0.573099	-0.0165024	-0.127257	0.041572
225	0.000976562	-2.16142	-0.436136	-1.13168	0.196821	0.046385	0.0877265
226	0.000976562	-0.00986554	0.966283	-0.214214	0.0281368	-0.0412132	0.013883
227	0.000976562	-0.0612842	-1.98879	-0.537468	-0.00716531	0.158777	0.0769744
228	0.000976562	1.02463	-1.16023	-2.02041	-0.141337	0.114624	0.32758
229	0.000976562	2.24069	1.21737	0.642743	-0.2321	-0.107902	-0.0547405
230	0.000976562	1.73625	1.99794	-0.137552	-0.0733595	-0.0984724	-0.026797
231	0.000976562	0.599165	0.22767	0.197207	-0.054171	0.00342276	-0.0381003
232	0.000976562	1.50343	1.05043	-1.01259	-0.121192	-0.085154	0.06302
233	0.000976562	-1.68854	1.04893	1.91929	0.128772	-0.0472643	-0.148364
234	0.000976562	2.2518	-0.977762	-0.0885441	-0.118909	0.0483849	0.117839
235	0.000976562	0.0979091	-1.94068	1.20301	0.00221935	0.154221	-0.0824624
236	0.000976562	-0.736351	-0.763173	-0.679864	0.00865577	0.0480222	0.0452974
237	0.000976562	0.873702	-0.670641	2.26211	-0.0865705	0.117795	-0.146374
238	0.000976562	-0.288636	1.93627	-1.55007	0.0240039	-0.155682	0.11529
239	0.000976562	0.0751167	2.45132	1.03066	0.0295358	-0.198935	-0.0425029
240	0.000976562	-0.497706	0.663133	1.54412	0.0723118	-0.00442695	-0.0901066
241	0.000976562	-0.463101	1.19925	1.63642	0.0534701	-0.131985	-0.111779
242	0.000976562	2.0385	0.415393	1.35119	-0.294296	0.0299471	-0.120009
243	0.000976562	0.360387	-0.346714	2.34851	0.00653275	0.0168107	-0.20354
244	0.000976562	-2.38043	-0.0141654	1.1973	0.172935	-0.0276039	-0.118885
245	0.000976562	-0.970797	0.123877	1.12276	0.21477	0.108766	-0.105453
246	0.000976562	-1.98746	-1.63989	-0.13743	0.179614	0.133637	-0.0323022
247	0.000976562	-1.10238	2.06513	0.463592	0.10368	-0.181269	-0.0625454
248	0.000976562	-0.84329	1.9967	1.70176	0.0584245	-0.167231	-0.138214
249	0.000976562	0.0818052	0.313885	-0.904823	-0.0129764	-0.0348793	0.0495485
250	0.000976562	-0.387838	0.544922	1.2841	-0.00828569	-0.0715557	-0.0556825
251	0.000976562	0.723209	1.70346	1.51306	-0.0716109	-0.0504046	-0.133448
252	0.000976562	2.19788	0.534148	0.472334	-0.212136	-0.0541692	-0.067303
253	0.000976562	1.36658	1.79922	-0.712914	-0.0812939	-0.20766	0.0459735
254	0.000976562	-0.277458	1.25873	2.30305	-0.00948487	-0.0890325	-0.200025
255	0.000976562	0.829919	1.91711	1.05318	-0.0855131	-0.114842	-0.0618452
256	0.000976562	-0.500523	-0.600175	-0.595192	-0.0132273	0.0359009	0.0406028
257	0.000976562	-1.70366	-0.795366	-0.0496858	0.094393	0.0713815	-0.148932
258	0.000976562	0.703862	1.35371	2.17985	-0.0825646	-0.108251	-0.171152
259	0.000976562	-0.214443	0.864841	-2.21319	0.00439721	-0.0313416	0.174948
260	0.000976562	1.04703	1.73479	-1.74259	0.0141741	-0.150887	0.140694
261	0.000976562	-0.437993	0.0476705	-0.286413	0.0318379	-0.090187	0.0100611
262	0.000976562	0.123766	1.01726	-0.18504	-0.060626	-0.0825867	-0.0148778
263	0.000976562	1.98736	0.370022	-0.180072	-0.27822	-0.077234	0.100048
264	0.000976562	0.531887	-0.329769	0.304155	-0.0540749	0.0317034	-0.0340543
265	0.000976562	-0.485212	-0.473799	1.07976	0.00402717	0.0597553	-0.101508
266	0.000976562	1.54124	-1.12847	-0.703847	-0.0946519	0.136271	0.0167161
267	0.000976562	1.16218	-2.08787	0.312679	-0.127977	0.165161	-0.0308314
268	0.000976562	-0.398482	1.30836	2.28589	0.0779809	-0.135047	-0.118978
269	0.000976562	-1.0812	0.0985995	-0.503037	0.0500442	-0.0653878	-0.00667843
270	0.000976562	-1.67001	-1.11732	-1.82108	0.151239	0.101669	0.177853
271	0.000976562	-0.58526	-2.20402	-0.045741	0.0765595	0.167607	-0.0183156
272	0.000976562	0.615531	1.94386	-1.47591	0.00709583	-0.129856	0.0805014
273	0.000976562	-1.27387	0.687311	-0.628881	0.0987571	-0.0788288	0.0614894
274	0.000976562	1.14031	-0.885533	-2.00654	-0.0476674	0.0198683	0.0578683
275	0.000976562	-1.62778	1.67115	-1.25054	0.122733	-0.129104	0.105447
276	0.000976562	1.92729	0.343618	-0.12502	-0.104046	-0.0837153	-0.00838598
277	0.000976562	0.692098	0.216149	-0.15334	-0.0475635	-0.022741	0.0247676
278	0.000976562	-0.372383	-1.06419	-2.30942	0.0310134	-0.0139258	0.246134
279	0.000976562	1.93232	1.57101	0.286288	-0.144362	-0.125765	0.0203431
280	0.000976562	-1.27617	-0.67543	-1.63243	0.100575	0.0407813	0.120536
281	0.000976562	0.678782	2.34088	1.37571	-0.100687	-0.159403	-0.127335
282	0.000976562	0.41767	1.92492	-1.26225	0.0533375	-0.165804	0.0598648
283	0.000976562	0.0255242	-2.54428	0.330203	0.00349166	0.225217	-0.032954
284	0.000976562	2.14136	1.20448	0.661225	-0.101682	-0.0912177	-0.0872182
285	0.000976562	0.633696	-0.023152	-2.71851	-0.0205937	-0.0162626	0.200169
286	0.000976562	-0.882731	-1.90127	1.57559	0.0683269	0.122659	-0.138787
287	0.000976562	0.347397	-2.16773	-0.109139	0.00845738	0.16061	-0.0192818
288	0.000976562	-1.0622	0.107005	-1.06155	0.0483506	-0.0355583	0.126512
289	0.000976562	0.547706	-0.339979	2.25937	-0.063871	0.0127634	-0.212468
290	0.000976562	-1.77577	-1.60394	1.08023	0.171966	0.120366	-0.0906698
291	0.000976562	1.5782	0.0213465	0.634045	-0.106819	0.0121382	-0.0310229
292	0.000976562	-1.59565	-0.068616	-2.14378	0.124175	0.00548583	0.182496
293	0.000976562	-1.01189	-1.08643	-0.301456	0.055189	0.168954	0.0269052
294	0.000976562	-0.278079	-1.54142	-0.860274	-0.0139844	0.139405	0.0492828
295	0.000976562	0.0748256	2.13481	0.636674	-0.0473976	-0.155683	-0.0191184
296	0.000976562	-0.846779	-1.60388	-0.481895	0.0511348	0.170949	0.0326979
297	0.000976562	0.571534	-1.46728	1.89702	-0.0376601	0.119408	-0.136449
298	0.000976562	2.04054	-1.29009	0.885874	-0.146532	0.12192	-0.120551
299	0.000976562	1.09465	-2.11012	0.345096	-0.0669326	0.177252	-0.0712879
300	0.000976562	1.22176	1.87623	1.39896	-0.101619	-0.147609	-0.0903884
301	0.000976562	0.0523042	-0.161222	0.291199	-0.0353845	0.0219713	-0.00906826
302	0.000976562	1.14018	2.4404	0.686703	-0.0972711	-0.167145	-0.0221561
303	0.000976562	-0.0358742	-1.18131	-1.15182	-0.0375794	0.0249462	0.0694243
304	0.000976562	-0.839194	-0.953253	0.413979	0.0158782	0.0948717	-0.0664511
305	0.000976562	1.07766	-1.14469	-2.11752	-0.102568	0.105188	0.173129
306	0.000976562	0.78128	-2.35361	0.647064	-0.101913	0.226397	-0.0465734
307	0.000976562	0.831941	1.27902	0.0104576	-0.0396807	-0.0710452	0.0452401
308	0.000976562	1.48383	-1.74881	0.269679	-0.226014	0.180384	-0.0990541
309	0.000976562	-0.467263	-1.86703	-1.8818	0.0439712	0.162176	0.143312
310	0.000976562	1.22767	1.22027	-1.77995	-0.11753	-0.0270988	0.163126
311	0.000976562	1.18587	1.45214	-0.969785	-0.106043	-0.0312405	-0.0175977
312	0.000976562	-0.700327	-0.740866	0.632017	0.039977	0.0385163	-0.0764066
313	0.000976562	1.64294	1.26703	-0.104671	-0.114626	-0.129896	0.00846547
314	0.000976562	0.818394	0.0939249	1.76353	-0.0527299	0.0179301	-0.114844
315	0.000976562	-0.161817	0.161858	-1.35875	-0.030781	-0.0511689	0.137194
316	0.000976562	0.562251	-1.05047	0.438572	-0.0785823	0.0671058	-0.0312826
317	0.000976562	-1.84293	-1.80481	-0.448431	0.134569	0.178669	0.044933
318	0.000976562	-0.381294	-1.24709	-1.99944	0.0544901	0.0764132	0.220199
319	0.000976562	-0.230468	1.34025	-0.137261	-0.00952662	-0.084833	0.00711613
320	0.000976562	-0.872051	0.51195	1.9731	0.0920509	-0.0183179	-0.151631
321	0.000976562	1.79966	-0.620287	0.411273	-0.139143	0.0357379	-0.024512
322	0.000976562	1.56788	1.78265	1.51148	-0.11675	-0.117164	-0.112828
323	0.000976562	0.206105	2.71379	-0.576374	-0.024919	-0.24054	0.041678
324	0.000976562	0.561986	-2.33322	-0.456457	-0.0594475	0.228249	0.0823882
325	0.000976562	0.998838	-1.17189	1.44609	-0.0850926	0.0998379	-0.110862
326	0.000976562	0.163137	-2.07227	-0.54337	-0.0396407	0.176046	0.0912206
327	0.000976562	-0.698345	0.3861	0.911647	0.0672571	-0.150457	-0.124413
328	0.000976562	1.89586	0.0587818	-0.586188	-0.160477	0.0101771	0.0574149
329	0.000976562	-0.563706	0.23568	0.925746	-0.0428551	0.0769288	-0.0760527
330	0.000976562	0.539205	-0.0242178	1.09085	-0.0426663	-0.0105242	-0.0724908
331	0.000976562	1.78728	-0.00465705	-2.04502	-0.141682	-0.0016866	0.14669
332	0.000976562	1.98382	0.445411	1.32609	-0.128024	-0.102174	-0.146793
333	0.000976562	1.15063	-0.62014	-0.551487	-0.0945798	0.131693	0.0717695
334	0.000976562	-1.14953	-1.32465	0.419624	0.090178	0.137753	-0.0888486
335	0.000976562	-1.30257	-0.0854413	1.73391	0.125567	0.00894076	-0.215257
336	0.000976562	-1.4875	-0.355534	0.594155	0.126393	0.0186456	-0.078403
337	0.000976562	-1.51163	-1.64926	1.31485	0.0689138	0.166192	-0.216701
338	0.000976562	0.184942	1.00888	1.81896	-0.0388376	-0.0646802	-0.112179
339	0.000976562	-1.53871	-0.883334	1.12982	0.0674579	0.0978622	-0.131609
340	0.000976562	-0.607417	-2.51358	-0.374484	0.0289709	0.252984	0.00894872
341	0.000976562	2.26751	-0.469565	-0.956314	-0.194326	0.00849221	0.0440573
342	0.000976562	1.24459	-1.5626	-1.81602	-0.110247	0.15571	0.124217
343	0.000976562	-0.98567	1.82874	0.225068	0.0902164	-0.141431	-0.0192161
344	0.000976562	-2.50565	-0.120852	1.0388	0.219103	0.0313159	-0.0728516
345	0.000976562	0.248713	0.451564	-1.52973	0.0144201	-0.0514781	0.117406
346	0.000976562	1.96285	0.430392	1.29126	-0.106785	0.0120331	0.0534674
347	0.000976562	-1.03052	-1.29442	-1.20419	0.0978645	0.155245	0.125312
348	0.000976562	-0.995063	1.34663	0.392411	0.0896856	-0.095305	-0.0295717
349	0.000976562	-0.450341	-0.391604	2.38017	0.0570958	0.0145018	-0.187892
350	0.000976562	0.921946	-2.23948	0.26296	-0.0571795	0.218249	0.00548155
351	0.000976562	0.650793	1.3169	-1.17587	-0.0293987	-0.0930385	0.0861597
352	0.000976562	1.99108	0.770841	0.220245	-0.113716	-0.095301	-0.0205318
353	0.000976562	-2.18029	0.295966	0.690742	0.165993	-0.0266406	0.0356121
354	0.000976562	2.61757	0.862614	0.107058	-0.205806	-0.0673353	0.0102217
355	0.000976562	-0.892498	0.822839	0.604316	0.0638002	-0.0733162	-0.0251407
356	0.000976562	-0.704095	0.337678	0.853186	0.0398504	0.0742723	0.0551913
357	0.000976562	2.44263	0.472172	0.629993	-0.216032	-0.0492435	-0.0642565
358	0.000976562	-1.46367	-1.22093	1.655	0.00287543	0.110212	-0.105642
359	0.000976562	2.24153	0.462639	-1.1692	-0.196307	-0.0372371	0.067693
360	0.000976562	-0.956387	2.25784	-0.0587889	0.0565968	-0.207713	-0.0204336
361	0.000976562	-2.01959	-1.29033	-1.22987	0.194656	0.163638	0.107996
362	0.000976562	-1.23699	-0.685838	1.58633	0.105568	0.0724112	-0.075505
363	0.000976562	-1.66707	1.9892	1.11294	0.122349	-0.141846	-0.0729763
364	0.000976562	-0.746288	0.217815	0.246498	0.0493461	-0.0242566	-0.0173942
365	0.000976562	1.18619	0.153675	-2.14873	-0.105734	0.000431218	0.151337
366	0.000976562	-1.18565	-1.18545	-0.926632	0.106989	0.182178	0.0672617
367	0.000976562	-1.21491	0.522392	-0.275343	0.101951	-0.0335143	-0.00920191
368	0.000976562	-0.141024	1.05957	1.71037	-0.0425809	-0.13723	-0.107222
369	0.000976562	0.137575	-1.07935	0.745454	0.0257162	0.0898237	-0.0944885
370	0.000976562	-0.872308	1.29031	-0.0535847	0.0518068	-0.127802	0.0100714
371	0.000976562	1.81573	0.332453	1.05282	-0.125525	-0.0216914	-0.0475567
372	0.000976562	1.64752	1.01795	-0.358534	-0.138471	-0.0852678	0.0292997
373	0.000976562	-0.474665	2.33658	0.0291159	-0.0172741	-0.220879	-0.0450082
374	0.000976562	0.685032	1.92035	0.381757	-0.0487694	-0.147376	-0.0121634
375	0.000976562	1.18717	0.0785909	-0.141569	-0.0853411	-0.0197873	-0.021293
376	0.000976562	-0.45161	-1.13752	0.0101502	-0.00745382	0.0790747	-0.00651464
377	0.000976562	1.94315	-1.24068	-0.0273186	-0.288252	0.035569	-0.0382475
378	0.000976562	-1.47294	-0.865728	-1.66259	0.109619	0.0366769	0.204122
379	0.000976562	-1.98508	-1.29015	-0.397093	0.159688	0.0897532	0.0326898
380	0.000976562	-0.19297	-1.20302	2.13683	-0.12247	0.294816	-0.186581
381	0.000976562	-0.264726	-1.42638	-1.15555	0.0312563	0.150556	0.0894752
382	0.000976562	1.56977	-1.17756	-0.684173	-0.0886788	0.111698	0.0269149
383	0.000976562	-1.53638	-0.834439	-1.24464	-0.0155486	-0.067715	0.208888
384	0.000976562	-0.778654	-2.17766	-0.736429	0.0488788	0.154045	0.102283
385	0.000976562	2.22688	-1.18734	-0.665642	-0.0633679	0.0773357	0.0909384
386	0.000976562	2.49953	1.31255	0.0985346	-0.179121	-0.127724	-0.00851756
387	0.000976562	1.54862	-2.01054	-0.155883	-0.125454	0.189985	0.0537213
388	0.000976562	-0.760262	-0.592059	2.49564	0.0633111	0.0533391	-0.198993
389	0.000976562	-1.32476	-0.0767655	1.83051	0.10593	0.0223575	-0.115175
390	0.000976562	1.76431	1.44209	-1.21996	-0.140071	-0.129244	0.0466425
391	0.000976562	-0.0211096	-1.65585	-1.76517	0.00233005	0.16463	0.0985906
392	0.000976562	-0.395333	1.41897	0.136731	-0.0184932	-0.0801638	-0.0295766
393	0.000976562	0.409378	0.680125	2.56689	-0.00772704	-0.0424479	-0.214648
394	0.000976562	-1.54601	-0.836986	-1.24602	0.188917	0.077278	0.0875923
395	0.000976562	-1.11462	-0.459463	-2.21698	0.105328	0.0189404	0.203305
396	0.000976562	0.881187	-2.54812	-0.0632024	-0.0695091	0.213823	0.0217405
397	0.000976562	1.40461	1.25817	0.391579	-0.161471	-0.129338	0.049535
398	0.000976562	0.565771	-2.1843	0.553878	0.0743659	0.217556	-0.0594876
399	0.000976562	-0.649454	2.10442	-0.986795	0.0544763	-0.171735	0.134699
400	0.000976562	0.468852	-0.339325	2.16206	0.00794014	0.0344777	-0.0959704
401	0.000976562	-0.50253	0.51702	-2.65165	0.00509824	-0.104253	0.181345
402	0.000976562	1.04033	-1.81773	-0.170742	-0.0549826	0.153096	0.0618079
403	0.000976562	0.707713	-1.20713	-2.20523	-0.0172227	0.103882	0.201835
404	0.000976562	-0.529416	0.450783	-2.67588	0.0549557	0.0528464	0.228045
405	0.000976562	0.346622	0.144398	1.65939	-0.0153222	0.0121914	-0.112296
406	0.000976562	-0.442402	0.4016	1.34409	0.0101308	0.018821	-0.117705
407	0.000976562	2.24656	-0.646741	0.564975	-0.146056	0.00483362	-0.0509556
408	0.000976562	-0.703654	1.01763	-0.145574	0.024099	-0.0711847	0.0191313
409	0.000976562	1.17272	1.32054	-1.73203	-0.0471424	-0.100016	0.112776
410	0.000976562	1.01203	2.03781	-1.52565	-0.0441681	-0.184754	0.0810319
411	0.000976562	-1.27993	-1.87475	-1.00998	0.160926	0.133018	0.117467
412	0.000976562	-1.31125	1.4994	1.29755	0.137594	-0.110755	-0.110724
413	0.000976562	0.979879	-1.48133	2.04654	-0.0450383	0.161239	-0.13318
414	0.000976562	2.54269	0.246038	0.824713	-0.209868	-0.0101313	-0.0801439
415	0.000976562	-0.0367466	-1.17904	-1.14759	-0.0300719	0.124879	0.0207558
416	0.000976562	1.97624	-0.129749	-0.720033	-0.186637	0.035982	0.0727147
417	0.000976562	0.912726	0.512619	2.07222	-0.0693886	-0.0408816	-0.155448
418	0.000976562	-0.881772	0.670295	2.10072	0.0832047	-0.0923472	-0.183225
419	0.000976562	0.0594399	-2.07574	1.78913	0.0123083	0.171865	-0.132793
420	0.000976562	1.97679	-0.726455	1.43782	-0.155045	0.0715186	-0.113777
421	0.000976562	2.71136	0.220452	-0.156268	-0.219346	-0.00366535	0.0135212
422	0.000976562	-1.2651	-1.00267	0.0417225	0.210829	0.0651795	-0.0204772
423	0.000976562	-1.32348	-0.487617	-0.292966	0.102242	0.00794804	-0.0296445
424	0.000976562	-1.86513	-0.659557	1.32337	0.149466	0.0829236	-0.147716
425	0.000976562	-0.46773	1.75059	1.20205	-0.0292002	-0.163575	-0.121534
426	0.000976562	-0.997828	-0.818467	-0.556736	0.058466	0.041755	0.0341018
427	0.000976562	-0.513554	-2.15475	0.109506	0.0141601	0.164402	-0.00341469
428	0.000976562	-0.319745	-1.19124	-1.93092	-0.0362001	0.0266294	0.131177
429	0.000976562	0.706089	1.60306	1.51301	-0.0859168	-0.150775	-0.114347
430	0.000976562	-2.24685	1.09328	1.21487	0.198807	-0.0895852	-0.0900536
431	0.000976562	2.03749	0.222054	-0.185982	-0.139772	0.131965	0.0472356
432	0.000976562	-1.0121	2.10272	-0.19228	0.053439	-0.0863883	0.0636699
433	0.000976562	0.474855	1.33257	1.92577	-0.0845082	-0.125147	-0.167152
434	0.000976562	0.906908	1.48706	0.200427	-0.0678795	-0.178381	-0.0479891
435	0.000976562	-0.625075	0.503972	-1.09571	0.0291688	-0.0700666	0.0749688
436	0.000976562	0.238878	-1.02539	1.34235	-0.0149692	0.107096	-0.0956369
437	0.000976562	-1.51573	-0.935474	-1.61357	0.165323	0.137772	0.12805
438	0.000976562	2.41756	0.906446	0.0724947	-0.156539	-0.0763549	0.0398855
439	0.000976562	0.31375	-1.00018	0.651665	-0.0426309	0.0215055	-0.0406071
440	0.000976562	-0.436552	-1.61357	0.864911	0.03937	0.128123	-0.0832009
441	0.000976562	-0.698963	1.64471	-0.451434	0.0523634	-0.136261	0.0519079
442	0.000976562	0.0133409	1.66536	-0.285788	-0.0465263	-0.129043	0.021825
443	0.000976562	2.52869	-0.556849	0.561032	-0.202284	0.0383763	0.0577682
444	0.000976562	1.61719	-1.6306	0.358757	-0.207823	0.0779181	-0.072597
445	0.000976562	1.34515	-0.717588	-0.372873	-0.14268	0.102824	0.0140198
446	0.000976562	0.428431	-0.116271	1.42964	-0.0320729	0.0151107	-0.0970803
447	0.000976562	-1.93084	0.996345	1.29772	0.112604	-0.0574722	-0.146934
448	0.000976562	0.500504	2.78427	0.00914968	-0.0368267	-0.182674	0.00628859
449	0.000976562	-2.01111	1.09208	0.608755	0.167897	-0.0944956	-0.00928558
450	0.000976562	0.504689	0.333111	2.44202	-0.046204	-0.00845113	-0.203857
451	0.000976562	-1.38805	0.590385	0.679666	0.139786	-0.0313388	0.0069448
452	0.000976562	-1.47117	-0.0224743	-0.131941	0.129261	-0.0256172	-0.0326288
453	0.000976562	-0.230259	1.78545	-0.212864	0.0982242	-0.0843516	-0.0896423
454	0.000976562	1.35827	-1.76925	0.152988	-0.0407517	0.145728	0.0171968
455	0.000976562	1.80249	-1.70207	-0.14722	-0.153735	0.16997	0.0598383
456	0.000976562	0.60389	-1.69486	1.43916	-0.0596622	0.133242	-0.110138
457	0.000976562	-0.905439	-2.07549	-0.3808	0.0727088	0.160604	0.0168349
458	0.000976562	0.917833	-2.19386	-1.08805	-0.0494152	0.177259	0.0691541
459	0.000976562	1.87641	0.88772	-1.61522	-0.150636	-0.0570031	0.144251
460	0.000976562	-2.06938	-0.176627	-0.362645	0.179756	-0.01483	0.0255724
461	0.000976562	-1.92028	0.590163	0.222583	0.173967	-0.0403862	-0.00911394
462	0.000976562	-1.62575	0.693013	-0.924003	0.139166	-0.0580629	0.0500236
463	0.000976562	-1.40396	0.0954693	-1.03894	0.126106	-0.0167087	0.134463
464	0.000976562	-1.2376	-0.59755	-1.25136	0.0729594	0.0183422	0.103662
465	0.000976562	-1.61846	1.563	-0.945058	0.112604	-0.133377	0.0767479
466	0.000976562	-0.756872	2.15751	-0.715741	0.096179	-0.207642	0.0619652
467	0.000976562	0.743466	0.141931	-1.99793	-0.0612041	-0.012572	0.173796
468	0.000976562	1.44663	1.05467	2.09157	-0.0992818	-0.17569	-0.0805775
469	0.000976562	-2.24522	-0.988817	0.976268	0.119122	0.0618449	-0.223194
470	0.000976562	-0.278012	-0.300282	-1.22158	-0.0058363	0.0276021	0.104327
471	0.000976562	-0.720163	-1.08424	-1.92583	0.0696425	0.0651833	0.155666
472	0.000976562	1.15828	-0.881341	-2.08362	-0.0537952	0.0647615	0.352326
473	0.000976562	-0.603733	0.286514	-1.95223	0.0620708	-0.0444719	0.189635
474	0.000976562	1.76784	0.0475258	-1.45707	-0.153357	-0.00277532	0.133901
475	0.000976562	0.536398	1.6983	-0.989474	-0.0275697	-0.130463	0.0390949
476	0.000976562	-1.07773	-1.79204	-0.234697	0.107144	0.156255	0.0133769
477	0.000976562	-1.19283	1.11494	-0.547424	0.115084	-0.0969946	0.0432973
478	0.000976562	-2.15397	-0.534785	-0.312639	0.197243	0.0709135	-0.00719513
479	0.000976562	2.41356	-0.0650303	1.23586	-0.183949	0.0187739	-0.0882958
480	0.000976562	-1.10966	-2.32219	-0.798635	0.103186	0.206551	0.0860456
481	0.000976562	1.09125	-1.20433	2.06411	-0.111375	0.0830959	-0.111708
482	0.000976562	1.64015	-1.56256	-0.911249	-0.110294	0.226032	0.104198
483	0.000976562	1.78229	-1.36125	-0.906684	-0.186202	0.107623	0.100614
484	0.000976562	-2.34378	0.52088	-0.564836	0.213166	-0.016017	0.0473074
485	0.000976562	0.780553	-1.23424	2.28124	-0.0233549	0.102894	-0.187575
486	0.000976562	-2.06753	0.481585	-1.23148	0.186868	-0.0402573	0.0512772
487	0.000976562	1.22083	-0.397907	-0.685849	0.146507	-0.0873795	0.17839
488	0.000976562	-0.613189	1.69469	0.880744	0.101639	-0.165138	-0.050169
489	0.000976562	-0.746765	-0.080489	-0.426859	0.0319737	0.00919011	-0.00597942
490	0.000976562	-1.37677	0.373698	-1.00982	0.0768385	-0.0855037	0.0772021
491	0.000976562	-1.9412	-0.27149	-0.0571077	0.12889	-0.00612544	-0.0367623
492	0.000976562	0.902064	1.47803	0.0127852	-0.0690518	-0.152738	0.0553489
493	0.000976562	-1.629	1.79875	0.342832	0.136167	-0.128965	-0.0743678
494	0.000976562	-0.852422	-1.08961	-2.30503	0.0650664	0.0852977	0.203973
495	0.000976562	0.93512	2.09495	-0.929936	-0.0606386	-0.182018	0.038654
496	0.000976562	2.17938	0.101248	0.677176	-0.223017	-0.0106282	1.91985e-06
497	0.000976562	-0.867415	1.71145	-0.694849	0.00271738	-0.1724	0.118841
498	0.000976562	-0.227635	1.78257	-0.211589	-0.120372	-0.213018	0.107452
499	0.000976562	-0.47414	1.10563	-1.48816	0.0269605	-0.096585	0.102151
500	0.000976562	-0.201013	-1.23639	2.13413	0.0915719	-0.0442136	-0.110791
501	0.000976562	-1.16636	2.51543	0.226569	0.122114	-0.209362	-0.0600978
502	0.000976562	-0.908904	1.72386	1.09381	0.0430074	-0.201194	-0.00445699
503	0.000976562	-0.455878	0.762899	1.5942	0.0593551	-0.0760655	-0.0878545
504	0.000976562	0.693105	-2.12838	0.538442	-0.0253326	0.117412	-0.0949263
505	0.000976562	-1.08105	-0.33263	-1.01128	0.0648137	0.0254995	0.0949378
506	0.000976562	-0.621889	1.21205	0.775169	0.0499255	-0.0501741	-0.0458073
507	0.000976562	-0.0548657	1.20395	-2.38758	-0.0315677	0.0184444	0.188824
508	0.000976562	-1.55743	-1.89768	0.552209	0.118852	0.14178	-0.0643386
509	0.000976562	1.05692	0.459399	-0.990406	-0.00862041	-0.0789044	0.0147104
510	0.000976562	1.8488	-1.17076	-1.31882	-0.16394	0.108398	0.114551
511	0.000976562	0.352771	-0.0801411	-0.301797	-0.0142317	-0.01632	0.0159328
512	0.000976562	-1.87199	0.198455	-1.26711	0.192471	0.000703129	0.158531
513	0.000976562	1.5496	-0.502542	0.540076	-0.103511	-0.00669665	-0.0211673
514	0.000976562	1.19409	-0.38224	-0.660943	-0.224455	0.17725	0.0467454
515	0.000976562	-0.999487	1.6343	0.622866	0.0965153	-0.136856	-0.045219
516	0.000976562	1.57481	-0.423418	1.3924	-0.142034	0.0420423	-0.101663
517	0.000976562	-0.520616	-2.16975	0.224099	0.0182718	0.241146	-0.0970315
518	0.000976562	-0.14595	-1.20102	2.11778	0.127986	0.26773	-0.185764
519	0.000976562	-0.720403	-2.41127	-0.627849	-0.0636827	0.35345	0.0523152
520	0.000976562	-0.422755	2.07284	1.68455	0.02335	-0.167399	-0.119565
521	0.000976562	1.02384	2.4267	-0.0364617	-0.0701033	-0.183711	-0.000688948
522	0.000976562	1.92806	1.71466	0.935878	-0.147355	-0.116653	-0.0594949
523	0.000976562	1.64476	1.07587	-0.510138	-0.0913534	-0.160735	0.103354
524	0.000976562	-0.128201	0.478098	0.661034	0.00193533	-0.00758967	-0.00919366
525	0.000976562	1.14455	-1.34718	2.08154	-0.127181	0.156227	-0.156107
526	0.000976562	0.536088	1.89558	-1.30512	-0.0495953	-0.122638	0.0482717
527	0.000976562	0.409409	0.421345	-1.62546	-0.0357901	-0.0505431	0.158993
528	0.000976562	-0.932313	-0.17596	-2.50759	0.0544853	0.00822795	0.202829
529	0.000976562	1.43262	1.04433	2.12375	-0.0721373	-0.0299256	-0.277534
530	0.000976562	0.395268	0.467087	-1.12135	-0.00811747	-0.0554776	0.0658828
531	0.000976562	0.649115	-1.34267	-1.82402	-0.0753497	0.132454	0.10573
532	0.000976562	-0.595387	1.19849	0.750883	-0.130611	-0.0918411	0.0568372
533	0.000976562	-0.582711	0.448651	1.69048	-0.00392183	0.0417611	-0.18164
534	0.000976562	-1.00964	0.600092	-1.84637	0.116127	-0.0387114	0.100327
535	0.000976562	-0.15366	-1.76761	-0.231835	-0.0234409	0.13065	-0.0158288
536	0.000976562	-0.610992	-0.323086	-1.39416	-0.00156848	0.0101754	0.141111
537	0.000976562	1.36396	1.254	0.416557	-0.0189035	-0.114298	-0.11977
538	0.000976562	0.479707	2.4155	1.27153	-0.12265	-0.236539	-0.0521508
539	0.000976562	0.432827	0.625402	2.03836	-0.0422036	-0.0538323	-0.167486
540	0.000976562	-0.562814	1.67909	0.867878	-0.0236595	-0.115753	-0.0125025
541	0.000976562	1.16929	0.486065	-1.33957	-0.143279	-0.0752721	0.157679
542	0.000976562	-0.358127	0.954844	-2.09858	0.0315682	-0.0805279	0.135123
543	0.000976562	-0.383064	-0.394686	0.226983	0.0156924	0.0404546	-0.0365858
544	0.000976562	0.174009	-0.748758	1.55194	0.0330572	6.69978e-05	-0.0531124
545	0.000976562	1.26822	-1.24355	-1.53077	-0.116899	0.127775	0.0852256
546	0.000976562	0.506254	0.362771	1.75866	-0.0609109	-0.0102498	-0.132401
547	0.000976562	-0.766651	-1.06685	-1.01344	0.0169276	0.111601	0.0859878
548	0.000976562	-1.90832	-0.260962	-0.051805	0.210394	0.0194104	-0.022855
549	0.000976562	1.97007	0.735043	1.49763	-0.209208	-0.105229	-0.161144
550	0.000976562	-0.10856	0.859303	1.36378	-0.0292048	-0.101264	-0.0539417
551	0.000976562	-0.722684	-2.40506	-0.635381	0.128081	0.112449	0.0860323
552	0.000976562	-0.5948	2.40442	0.356866	0.0624325	-0.187105	-0.0536238
553	0.000976562	1.18565	2.22913	-0.31177	-0.0608901	-0.163963	0.0298359
554	0.000976562	2.25007	-0.720431	-1.14523	-0.170395	0.121921	0.085594
555	0.000976562	2.3628	-0.785744	0.807791	-0.198198	0.0423913	-0.117513
556	0.000976562	-1.22474	-2.10864	0.00190987	0.0824422	0.259504	-0.00727775
557	0.000976562	1.08909	1.5244	-1.0206	-0.00570115	-0.166024	0.054669
558	0.000976562	0.326344	1.08264	-1.91823	-0.0377643	-0.0767585	0.114999
559	0.000976562	-1.71339	-0.034985	-1.84476	0.145676	-0.00413706	0.158337
560	0.000976562	-0.360862	2.19111	0.739499	0.0469865	-0.201253	-0.085155
561	0.000976562	-0.963152	1.14659	-0.0256941	0.0979023	-0.066176	-0.00712736
562	0.000976562	0.319118	-1.19437	0.662714	-0.0686634	0.154427	-0.114568
563	0.000976562	-1.18206	-0.978988	-0.0504817	0.0405569	0.0571922	0.0104374
564	0.000976562	-2.21352	-0.377991	1.30496	0.176582	0.0346573	-0.0902484
565	0.000976562	-1.33393	-1.02074	-1.13348	0.108603	0.111309	0.111714
566	0.000976562	2.08873	-1.53351	0.344911	-0.13823	0.00324828	-0.00977008
567	0.000976562	-2.22505	-0.648667	0.239242	0.195263	0.0487078	-0.0227961
568	0.000976562	-1.30944	0.889091	0.28961	0.104014	-0.0738161	-0.0462839
569	0.000976562	1.23884	-0.747583	0.229516	-0.0734009	0.0625659	-0.0552188
570	0.000976562	1.75678	1.80911	1.20611	-0.12649	-0.124106	-0.0878947
571	0.000976562	0.217793	1.05488	-2.28706	-0.0423272	-0.0516718	0.190485
572	0.000976562	-0.201767	2.07636	0.612508	-0.0449786	-0.155812	-0.0398533
573	0.000976562	-1.32819	0.262973	1.73044	0.127251	-0.0373308	-0.148123
574	0.000976562	-0.0153275	-1.14329	-1.24732	-0.0418836	0.0506571	0.100954
575	0.000976562	1.27051	-0.374684	-0.565715	-0.184868	-0.0386934	-0.118316
576	0.000976562	2.26742	-0.627302	-1.1551	-0.20597	-0.0148704	0.112084
577	0.000976562	0.408637	2.39741	1.28437	-0.0104917	-0.15936	-0.16103
578	0.000976562	0.183838	1.20036	2.50078	0.0201011	-0.106527	-0.186687
579	0.000976562	-0.748053	-0.809363	0.0881815	0.014379	0.0455432	-0.0135451
580	0.000976562	1.04829	0.429853	1.26209	-0.0702536	-0.0335222	-0.084421
581	0.000976562	-0.663252	2.09341	-1.78318	0.0484909	-0.149227	0.115297
582	0.000976562	-1.00632	1.5789	-0.858873	0.0949827	-0.131349	0.126882
583	0.000976562	0.986136	-1.10576	-1.79692	-0.02489	0.107339	0.0699847
584	0.000976562	-1.04042	2.16227	-0.17082	0.165121	-0.250526	0.0536291
585	0.000976562	1.46987	-1.51977	0.477176	-0.0712893	0.0533712	-0.125027
586	0.000976562	-1.30369	-0.0600307	-0.500101	0.11065	-0.165054	0.00745547
587	0.000976562	1.48998	0.188	1.85619	-0.0882171	-0.0349557	-0.0835801
588	0.000976562	-0.253794	-0.136324	-0.0205212	-0.0125603	0.00610213	0.0113319
589	0.000976562	-0.906408	-1.42027	-0.550291	0.0768057	0.107686	0.12073
590	0.000976562	-1.64091	1.30154	1.83134	0.13804	-0.0824731	-0.138254
591	0.000976562	0.487801	-0.12225	-1.66899	-0.00134191	0.0372989	0.129412
592	0.000976562	-0.635203	0.304142	0.908439	0.07813	0.0574859	0.0909768
593	0.000976562	-1.55442	1.53087	-0.0846462	0.161688	-0.111734	-0.00951554
594	0.000976562	-0.469142	1.91832	-0.365823	0.025785	-0.168579	0.0570099
595	0.000976562	1.20252	0.394342	-2.10503	-0.085059	-0.0728262	0.173211
596	0.000976562	1.23071	1.23454	-2.12206	-0.0865521	-0.0712059	0.182288
597	0.000976562	0.360725	-0.847117	-0.230633	-0.018384	0.0745217	0.0101003
598	0.000976562	0.838342	0.392594	-1.81483	-0.0556518	-0.0537488	0.153037
599	0.000976562	1.63295	-0.683963	-1.07331	-0.147439	0.032216	0.0360399
600	0.000976562	-1.19432	-0.975818	-0.890052	0.149008	-0.0110023	0.0827815
601	0.000976562	1.11871	-1.37089	-0.968464	-0.0680368	0.124625	0.0752623
602	0.000976562	-2.2284	0.307789	0.617078	0.156594	-0.00587153	-0.131029
603	0.000976562	-1.00098	1.89211	1.57783	0.110902	-0.145235	-0.123397
604	0.000976562	0.423756	-1.92557	1.11221	-0.0363234	0.141626	-0.0801448
605	0.000976562	1.53157	-1.05065	0.661399	-0.106097	0.0841072	-0.0464078
606	0.000976562	0.94157	0.672485	-1.97361	-0.0622797	-0.0804056	0.171488
607	0.000976562	-2.07869	0.634415	-1.3811	0.167179	-0.0987806	0.182772
608	0.000976562	-0.947876	-0.456485	-2.1286	0.0229367	0.0243413	0.171104
609	0.000976562	1.27633	-0.277957	-0.534817	-0.0831734	-0.177865	-0.0258501
610	0.000976562	1.56988	0.176275	0.913662	-0.117227	-0.00806811	-0.056889
611	0.000976562	0.342481	1.22669	-2.2724	-0.0658587	-0.116987	0.160562
612	0.000976562	-0.674135	-1.76896	-1.42294	0.0541071	0.166827	0.121875
613	0.000976562	1.10326	-1.08431	-2.07122	-0.0658255	0.181903	0.152005
614	0.000976562	-1.95444	0.479057	-1.53043	0.127515	-0.0484873	0.194035
615	0.000976562	-0.287616	2.10362	-1.08594	0.0096336	-0.171178	0.0948828
616	0.000976562	1.02438	-0.326463	-2.25691	-0.102126	-0.0266618	0.161941
617	0.000976562	1.87681	0.369866	1.53137	-0.118717	-0.0180997	-0.138983
618	0.000976562	-0.451881	-2.18778	-0.506898	0.00126335	0.176229	0.0619678
619	0.000976562	0.216887	2.31013	-1.1532	-0.00568127	-0.186567	0.0728932
620	0.000976562	-1.06904	0.778676	0.0293484	0.0721596	-0.0518896	-0.00797822
621	0.000976562	-1.67541	-1.90383	-0.0649629	0.145869	0.166126	-0.00878072
622	0.000976562	1.89747	0.814337	1.52355	-0.0832257	-0.147981	-0.110404
623	0.000976562	-2.01433	1.23761	-0.518043	0.0761682	-0.0786915	-0.0980863
624	0.000976562	-0.967932	1.71767	1.15385	0.137143	-0.29489	-0.0436419
625	0.000976562	0.769585	0.998806	0.632053	-0.0312237	-0.108386	0.0109764
626	0.000976562	0.777181	0.695301	0.207848	0.0438907	0.0222838	-0.0130021
627	0.000976562	1.40556	-0.660534	-0.159146	-0.153454	0.0586877	-0.0169609
628	0.000976562	-0.543641	-1.53382	-0.977817	0.0413901	0.148934	0.0870393
629	0.000976562	-2.46806	-0.912887	-0.608567	0.199794	0.0694314	0.0427582
630	0.000976562	-1.49829	-0.791631	-1.92114	0.132745	0.0418077	0.210665
631	0.000976562	1.16254	-0.864236	-2.05777	-0.280404	-0.0191598	0.201752
632	0.000976562	-1.85861	-0.402793	1.08276	0.158529	0.00997854	-0.0862729
633	0.000976562	-1.75592	0.998258	-1.21377	0.117931	-0.119678	0.120702
634	0.000976562	2.27356	0.524	-1.11487	-0.211129	-0.0706881	0.0418589
635	0.000976562	-1.67436	0.251397	0.967311	0.136361	0.0231122	-0.0686521
636	0.000976562	1.37546	-1.7604	0.216749	-0.119305	0.164091	0.0181097
637	0.000976562	-0.348303	-1.57386	0.281426	0.0287818	0.112669	-0.0439
638	0.000976562	-1.23936	0.242867	-1.64867	0.099997	-0.0350715	0.148823
639	0.000976562	2.24704	-0.829942	0.619391	-0.162887	0.0793259	-0.0497568
640	0.000976562	-2.08264	0.717092	-1.2819	0.184009	-0.142313	0.0761248
641	0.000976562	2.52099	-0.567223	0.504987	-0.239509	0.00586819	-0.130828
642	0.000976562	1.43311	-0.136135	1.86986	-0.0902595	0.0538533	-0.153628
643	0.000976562	1.0502	0.232479	1.70402	-0.122572	0.096543	-0.154652
644	0.000976562	0.929621	-1.73175	-1.554	-0.0536474	0.167012	0.125985
645	0.000976562	2.08138	-0.902342	-0.258007	-0.133353	0.00762443	0.0530056
646	0.000976562	0.214284	1.06425	-1.23363	-0.0253242	-0.0722767	0.0944826
647	0.000976562	-0.538346	-1.65663	-0.43843	0.0122384	0.124593	0.0386562
648	0.000976562	0.851376	2.54975	0.941609	-0.0791767	-0.189419	-0.0463354
649	0.000976562	0.157444	-0.444489	-2.17337	-0.000711426	-0.0108266	0.192413
650	0.000976562	-0.14526	-1.85278	0.42917	-0.0161353	0.154283	-0.0725887
651	0.000976562	0.307377	-1.41305	-2.09494	-0.042218	0.113207	0.185898
652	0.000976562	1.59243	-1.57355	0.0525531	-0.110689	0.0903612	0.0467562
653	0.000976562	0.152275	-1.54829	-0.0415235	-0.0118025	0.10832	-0.00141396
654	0.000976562	-0.488482	2.32237	-0.00194265	0.03117	-0.172169	0.0614256
655	0.000976562	-0.370221	-0.996536	-2.33803	0.0356463	0.122467	0.171017
656	0.000976562	-1.02513	0.663641	1.43392	0.11351	-0.0534096	-0.156978
657	0.000976562	0.236778	1.49325	-1.92758	-0.0160034	-0.125994	0.122491
658	0.000976562	0.511282	2.16443	-1.56948	0.0064149	-0.205082	0.121041
659	0.000976562	-1.53477	1.42839	1.76508	0.092118	-0.133896	-0.114792
660	0.000976562	-1.39742	-0.862434	0.7104	0.11017	0.0841027	-0.0897516
661	0.000976562	-0.590582	0.765716	-0.0263728	0.0111052	-0.0453421	-0.0114061
662	0.000976562	0.633966	0.674038	-0.258806	-0.0432203	-0.0700115	0.0381236
663	0.000976562	-0.329596	2.03247	0.569864	0.042619	-0.130771	-0.014491
664	0.000976562	0.993087	-1.66861	-1.34877	-0.069641	0.140631	0.0735722
665	0.000976562	-0.869909	-0.913865	-0.940016	0.0366667	0.03705	0.081576
666	0.000976562	0.563606	-0.94903	1.51099	-0.0509859	0.0912708	-0.110207
667	0.000976562	-2.20432	-1.02184	1.06105	0.183869	0.0234754	-0.0280394
668	0.000976562	0.536143	-2.07365	-0.412431	-0.0741305	0.146874	0.0266872
669	0.000976562	-1.00136	0.794505	-2.0322	0.145814	-0.0590444	0.189233
670	0.000976562	0.967025	-0.146973	-1.23768	-0.0356491	0.144772	0.0845914
671	0.000976562	-0.956641	0.133668	1.11928	-0.0164306	-0.0670745	-0.0869986
672	0.000976562	-0.0141833	1.89362	-0.662253	-0.0181635	-0.166473	0.0693319
673	0.000976562	-1.42016	-0.602115	-0.384645	0.160468	0.0809277	0.023296
674	0.000976562	-2.11655	0.75932	-0.49607	0.178428	-0.0799995	0.00926014
675	0.000976562	2.0633	-1.25853	0.0171153	-0.0987756	0.0576279	0.0203553
676	0.000976562	1.16543	0.344674	-1.03742	-0.0882899	0.0135427	0.0564562
677	0.000976562	0.0207339	0.0795862	-2.26489	0.00229212	-0.0050413	0.18699
678	0.000976562	-0.755702	0.392907	-2.32524	0.0642794	-0.0225567	0.216998
679	0.000976562	-0.591236	-1.34109	-1.74331	0.0942724	0.147431	0.124114
680	0.000976562	-0.565805	-2.05917	-0.787564	-0.00219527	0.157605	0.112388
681	0.000976562	-1.07997	-1.06365	0.356379	0.0640746	0.120162	-0.049786
682	0.000976562	-0.617412	-2.10137	0.298558	0.109667	0.147903	-0.0881092
683	0.000976562	0.664512	1.96513	-1.55427	-0.0478116	-0.156245	0.197685
684	0.000976562	-0.00847701	2.45088	0.958119	0.0117569	-0.19829	-0.0604936
685	0.000976562	0.972673	0.400599	-1.27037	0.0132362	-0.0196423	0.115554
686	0.000976562	1.30017	0.583757	-0.885608	-0.0778405	-0.146703	0.059728
687	0.000976562	0.677535	0.0412921	-1.49243	-0.00396019	0.031874	0.134253
688	0.000976562	2.05245	-0.371889	-1.27656	-0.165254	0.00175679	0.11341
689	0.000976562	2.56798	0.0280828	0.396429	-0.211756	0.0100791	-0.0191439
690	0.000976562	1.01686	-1.22841	0.836644	-0.0710187	0.107136	-0.0694641
691	0.000976562	-0.125458	-0.470131	2.31611	0.0206077	0.0291062	-0.0977645
692	0.000976562	0.939059	-1.19178	-0.417018	-0.0581208	0.113745	0.0234105
693	0.000976562	0.488457	-1.59392	-0.261855	-0.01101	0.137842	0.0462208
694	0.000976562	-0.525405	-0.885007	0.828192	-0.0422545	0.153634	-0.0368733
695	0.000976562	-0.390592	-2.13408	-1.59568	0.0164412	0.180366	0.106749
696	0.000976562	0.634509	-2.12694	0.54496	-0.0885293	0.105034	-0.0823477
697	0.000976562	1.91491	-1.38791	0.00492985	-0.150081	0.096599	-0.0161771
698	0.000976562	1.91385	0.401204	-0.154716	-0.17807	0.0595932	-0.103285
699	0.000976562	0.291809	1.23481	-0.526867	-0.0485663	-0.159709	0.189519
700	0.000976562	-2.06561	1.30184	-1.08555	0.15528	-0.100251	0.0960406
701	0.000976562	-0.847893	0.787239	-1.86465	0.0629419	-0.0730537	0.0687468
702	0.000976562	1.94638	0.449351	-0.400683	-0.203956	-0.0524094	0.121964
703	0.000976562	0.207061	1.89668	1.25083	0.09593	-0.11374	-0.0890878
704	0.000976562	0.114924	-0.0114362	2.24602	-0.0115463	0.01659	-0.173368
705	0.000976562	1.15569	0.448454	-1.34516	-0.0514868	-0.0291899	0.0391951
706	0.000976562	-1.11314	0.680437	-1.23833	0.107959	-0.0907151	0.120804
707	0.000976562	-0.00740248	-0.882942	0.0622469	-0.0131847	0.0597156	-0.00678551
708	0.000976562	-1.49512	-1.67888	1.36456	0.11394	0.0902681	-0.0581707
709	0.000976562	-0.605288	-1.4211	2.01296	0.0751499	0.120335	-0.147368
710	0.000976562	-0.525755	-2.10826	1.15752	0.0591896	0.131508	-0.1005
711	0.000976562	-1.23138	0.465799	0.717389	0.0797729	0.0130524	-0.028889
712	0.000976562	2.43607	1.26912	-0.252557	-0.16873	-0.109911	0.0467544
713	0.000976562	1.28124	-0.3244	-0.543182	-0.189005	0.1345	-0.018939
714	0.000976562	-1.87671	0.094941	-1.29085	0.189775	0.00173604	0.155452
715	0.000976562	0.773941	-0.463706	2.04579	-0.0326494	0.0862953	-0.0729406
716	0.000976562	1.54963	-1.83868	0.446853	-0.0852611	0.222438	-0.110543
717	0.000976562	1.18556	0.16923	-2.03738	-0.108053	0.0069373	0.176846
718	0.000976562	0.0161062	-0.314393	-0.963173	-0.0112106	0.0224699	0.0781222
719	0.000976562	0.466783	-0.925164	-1.4911	-0.0364402	0.0607445	0.0908133
720	0.000976562	1.3127	-1.52466	1.73692	-0.112908	0.132284	-0.10314
721	0.000976562	0.102962	-1.30985	-1.8977	-0.00679853	0.0912362	0.1332
722	0.000976562	2.24953	-0.973398	-0.0847856	-0.294318	-0.0122458	-0.139456
723	0.000976562	-0.372967	-0.279539	1.47667	0.0192847	0.0444994	-0.124109
724	0.000976562	-1.70099	0.39704	1.02022	0.154104	-0.0582812	-0.103433
725	0.000976562	1.17956	1.38654	-0.948385	-0.0964317	-0.189987	0.0262966
726	0.000976562	-0.183837	0.545177	-1.14825	-0.00413814	-0.0753468	0.0753635
727	0.000976562	0.336913	0.528185	1.70043	0.00670842	-0.0368966	-0.117992
728	0.000976562	-0.0374637	0.613067	0.743013	-0.0247932	-0.0518332	-0.0749204
729	0.000976562	-0.264117	0.979663	1.70642	0.0204825	-0.0897442	-0.151066
730	0.000976562	1.25884	1.70832	0.776361	-0.094831	-0.134139	-0.0473495
731	0.000976562	0.720555	0.0893684	-1.46838	-0.0667758	-0.0391783	0.106136
732	0.000976562	0.202119	-2.3537	0.293219	-0.016704	0.188867	-0.0367522
733	0.000976562	0.792332	-0.620855	-0.457005	0.00985554	0.181952	0.0489853
734	0.000976562	-0.865773	-0.0097956	-0.70693	0.125683	0.0417269	0.0454207
735	0.000976562	0.834242	-0.370125	2.17474	-0.115039	0.0421392	-0.0651162
736	0.000976562	-0.790813	1.15402	-0.550995	0.0214576	-0.0804685	0.0487071
737	0.000976562	2.22196	0.121578	0.631247	-0.111895	0.0470297	-0.119801
738	0.000976562	-1.01791	-1.02523	-2.05254	0.0896216	0.0902965	0.164289
739	0.000976562	0.28305	-2.23093	-0.259754	0.00775842	0.219406	0.0577575
740	0.000976562	-0.931815	1.67906	-0.66613	0.150056	-0.125865	0.0322606
741	0.000976562	0.512078	-2.07597	-0.00490071	-0.0583619	0.13755	-0.0276212
742	0.000976562	-1.25292	1.45218	0.852859	0.13687	-0.110723	-0.0625079
743	0.000976562	-0.50314	1.42498	-2.11819	0.0410677	-0.101748	0.209872
744	0.000976562	1.31367	0.491416	-0.821546	-0.0688928	-0.034738	-0.042823
745	0.000976562	-2.51721	-0.30904	-0.473578	0.227248	0.030717	0.0469889
746	0.000976562	-0.426768	-1.248	-1.78884	0.0326985	0.0939717	0.0954724
747	0.000976562	0.476654	-0.430977	1.37796	-0.0456858	0.0420935	-0.0882304
748	0.000976562	2.26348	-1.06446	0.810545	-0.189861	0.0984363	-0.0984416
749	0.000976562	-0.424128	-2.47945	0.658311	0.0332023	0.202342	-0.0404306
750	0.000976562	-2.25475	0.75852	0.1326	0.193063	-0.0782986	-0.0333883
751	0.000976562	1.09224	0.47378	-1.20926	-0.116736	-0.0449413	0.161744
752	0.000976562	-1.69078	0.464791	0.204828	0.123811	-0.0214388	-0.0112239
753	0.000976562	-0.604721	1.72325	1.25558	0.0528482	-0.149942	-0.145887
754	0.000976562	1.05982	0.0589114	-2.53805	-0.0767848	-0.0240965	0.200014
755	0.000976562	-0.486103	0.126019	-0.277159	-0.0311662	0.013289	0.015712
756	0.000976562	-1.87591	0.654373	-0.954719	0.19	-0.0837225	0.068441
757	0.000976562	-0.286798	-1.95736	1.36872	0.0241831	0.13907	-0.122042
758	0.000976562	0.922809	-1.13892	-1.35886	-0.0562628	0.0958742	0.0704576
759	0.000976562	-1.81985	1.73124	-0.332773	0.15405	-0.15002	0.0308799
760	0.000976562	0.495964	1.75308	-2.12383	-0.0298502	-0.130926	0.152709
761	0.000976562	0.970416	-0.891194	1.10182	-0.0720509	0.110716	-0.0146884
762	0.000976562	1.32433	-0.0859643	-1.15779	-0.16663	0.0466318	0.171568
763	0.000976562	-0.199243	1.02206	2.17759	0.0386037	-0.0447506	-0.180377
764	0.000976562	0.588113	-1.53424	-0.153001	-0.0805559	0.0938203	-0.00708056
765	0.000976562	0.930107	-1.62975	1.30974	-0.0849668	0.135182	-0.0918429
766	0.000976562	1.49485	0.192668	1.93719	-0.0977702	-0.011521	-0.247163
767	0.000976562	-1.49803	0.278006	2.20572	0.150621	-0.0147709	-0.169938
768	0.000976562	1.22917	1.80311	-1.58911	-0.056654	-0.133851	0.0850436
769	0.000976562	0.387598	-0.936082	0.859708	-0.0593284	0.0528613	-0.105217
770	0.000976562	0.0954072	0.724608	0.683804	-0.0526142	-0.0987434	-0.0282281
771	0.000976562	0.557539	-1.4803	-0.435904	-0.0512494	0.0972598	0.0835557
772	0.000976562	-0.572661	1.503	-0.365614	0.0136977	-0.088075	0.0381632
773	0.000976562	1.40785	1.70148	-0.67595	-0.135432	-0.0988474	-0.000155086
774	0.000976562	0.195897	-1.82299	1.96369	-0.0170176	0.145577	-0.168251
775	0.000976562	0.684461	-2.34824	0.736811	-0.00681725	0.20868	-0.127875
776	0.000976562	0.919583	0.694022	0.722708	-0.0807786	-0.0367205	-0.0744119
777	0.000976562	1.61916	-1.07112	-0.765696	-0.172196	0.0258668	0.107094
778	0.000976562	-1.60775	-0.206221	-0.531128	0.181303	-0.0171739	0.000923957
779	0.000976562	0.286071	-1.6608	-0.966881	-0.0497751	0.153189	0.0751113
780	0.000976562	1.83272	0.450657	0.0545579	-0.077401	-0.0517055	-0.0822803
781	0.000976562	0.452853	-0.490533	-0.839082	-0.0236131	0.00757889	0.0794836
782	0.000976562	2.24715	0.435326	-1.31324	-0.188702	-0.022833	0.186558
783	0.000976562	0.0531967	-1.34706	-1.39396	-0.0846664	0.0787912	0.179188
784	0.000976562	-0.993161	-0.424961	1.62987	0.0585737	0.0546841	-0.138268
785	0.000976562	1.96501	0.497117	0.398291	-0.0974841	0.100609	-0.172101
786	0.000976562	-1.48796	-0.148317	0.449054	0.127704	-0.0299681	-0.0369421
787	0.000976562	0.671462	-0.244506	0.95607	-0.0658636	0.0312002	-0.064788
788	0.000976562	1.58936	2.21548	-0.277516	-0.109472	-0.167223	0.0230557
789	0.000976562	0.821951	-0.582414	2.34817	-0.0401386	0.0614301	-0.232434
790	0.000976562	-0.103836	-0.466476	2.42162	0.00177002	0.0018638	-0.237151
791	0.000976562	-0.285832	-0.794378	0.489702	-0.00247272	0.0501997	-0.04459
792	0.000976562	-0.456585	-0.957483	-1.20907	0.0726009	0.0286218	0.146317
793	0.000976562	-2.16536	1.32564	0.829145	0.244973	-0.171402	-0.11571
794	0.000976562	2.1301	0.284385	-0.0970788	-0.277708	0.0234072	-0.0142598
795	0.000976562	0.158963	0.904242	-2.1845	-0.0200777	-0.011604	0.138991
796	0.000976562	-1.23732	0.285677	2.13376	0.106613	-0.00678628	-0.160403
797	0.000976562	-0.0985954	0.603089	-2.46715	-0.0109928	-0.0196873	0.198087
798	0.000976562	-0.881783	0.155288	-1.99434	0.0809034	0.0113554	0.172512
799	0.000976562	-2.11719	-1.1244	0.796129	0.143197	0.142965	-0.0193525
800	0.000976562	-1.57791	-0.855748	-1.22311	0.320938	0.162527	0.0371538
801	0.000976562	0.407342	-0.895154	-1.87745	-0.029935	0.0536613	0.135722
802	0.000976562	-0.0937057	0.0469779	1.55285	-0.00160869	0.0213673	-0.120906
803	0.000976562	0.175179	-1.65667	1.76546	-0.00299486	0.109699	-0.129077
804	0.000976562	-0.745188	0.914023	-1.99576	-0.00359916	-0.246867	0.197217
805	0.000976562	0.138215	0.262164	2.2771	-0.0190468	-0.0389247	-0.190104
806	0.000976562	-1.27678	1.75116	-1.38334	0.0612981	-0.108434	0.0777335
807	0.000976562	0.668211	-2.18362	1.19012	-0.0552214	0.165352	-0.112089
808	0.000976562	-0.138425	-1.21691	2.1354	0.0489755	-0.0575038	-0.169536
809	0.000976562	0.95555	-2.38029	0.927296	-0.093416	0.173501	-0.103691
810	0.000976562	-0.960656	0.586758	-2.02508	0.0880693	-0.0137762	0.199996
811	0.000976562	-0.146211	0.687349	1.51898	-0.0334537	-0.0309959	-0.114106
812	0.000976562	0.310047	1.20443	2.00414	-0.0400446	-0.0849475	-0.16114
813	0.000976562	-1.87014	-0.397502	0.831147	0.158884	0.0035472	-0.0364917
814	0.000976562	0.95994	-0.538932	-0.378318	-0.116903	0.0238147	-0.0869531
815	0.000976562	2.00685	-1.22181	0.643195	-0.140768	0.0984906	-0.0595548
816	0.000976562	0.882342	-0.618333	-1.67532	-0.0271532	0.0483817	0.0938399
817	0.000976562	0.396777	1.49732	1.11288	-0.0271721	-0.0844396	-0.0640283
818	0.000976562	2.03351	-1.20368	-0.011028	-0.131092	0.0516349	0.029148
819	0.000976562	-0.0494514	-0.932564	1.02604	0.0130413	0.0734631	-0.101522
820	0.000976562	-0.642302	0.65312	-0.410712	0.0211455	-0.0585009	0.037717
821	0.000976562	1.55218	1.40011	1.06043	-0.112701	-0.0963804	-0.0834433
822	0.000976562	0.858129	2.11067	0.931157	-0.0977957	-0.160722	-0.0394591
823	0.000976562	1.55189	-1.0369	-1.34857	-0.119389	0.0946382	0.104381
824	0.000976562	0.904028	0.415919	0.038643	-0.0928716	-0.0298459	-0.00116401
825	0.000976562	-1.77152	-1.4309	0.266637	0.162311	0.122235	-0.0392501
826	0.000976562	-0.498186	2.60877	0.306955	0.0356806	-0.240456	-0.0165989
827	0.000976562	-1.27089	-0.775487	1.95059	0.0929307	0.0820936	-0.182911
828	0.000976562	1.44232	-1.02834	2.11365	-0.173532	0.0792285	-0.130672
829	0.000976562	-2.42304	0.0182944	0.892574	0.198411	-0.0103501	-0.0414942
830	0.000976562	-0.102606	-0.95397	-0.470344	-0.0136453	0.0725486	0.030039
831	0.000976562	-2.2445	-0.992456	0.986024	0.350673	0.280356	0.0173808
832	0.000976562	1.95079	-0.950438	0.821092	-0.125498	0.0564302	-0.100806
833	0.000976562	-0.181373	-2.40696	-0.483977	-0.0231942	0.227366	0.0614591
834	0.000976562	-0.934183	-1.41695	-0.641757	0.0482215	0.127759	0.0128387
835	0.000976562	-1.03653	-0.643783	2.35197	0.0572063	0.0666248	-0.171126
836	0.000976562	-0.525262	1.42847	-1.96869	0.0411759	-0.077884	0.075408
837	0.000976562	0.174645	0.00952628	0.48983	-0.0365878	-0.0209885	-0.0669922
838	0.000976562	0.914268	1.99091	-1.49866	-0.0999598	-0.204947	0.0935797
839	0.000976562	-0.612288	-2.41069	0.682558	0.0955297	0.183742	-0.0702439
840	0.000976562	0.544811	-1.55019	0.139569	-0.0513426	0.118805	-0.0456546
841	0.000976562	0.784727	0.983819	0.719724	-0.0666122	-0.0803518	-0.133642
842	0.000976562	-1.72326	-1.53724	-1.44173	0.135555	0.151327	0.10616
843	0.000976562	1.31662	0.0768259	0.968372	-0.0909513	0.0147974	-0.0664689
844	0.000976562	1.7891	0.355747	-0.145484	-0.00185359	0.0375658	0.00232567
845	0.000976562	-0.590888	0.316273	-2.02222	0.0379101	-0.0586206	0.239798
846	0.000976562	1.40258	-0.635769	1.3712	-0.12071	0.100124	-0.0917551
847	0.000976562	1.29691	-1.00479	2.14549	-0.089288	0.0507933	-0.170273
848	0.000976562	-1.99314	-0.705618	0.788982	0.158797	0.03617	-0.0347599
849	0.000976562	-1.18223	-1.27021	-0.318486	0.120401	0.13825	0.0283601
850	0.000976562	-0.598615	0.106992	-1.59382	0.0308961	-0.00640237	0.134561
851	0.000976562	-0.0310755	1.78882	2.14643	-0.00110303	-0.158711	-0.161422
852	0.000976562	0.988267	-1.14432	2.09347	-0.0117456	0.0553319	-0.157761
853	0.000976562	-0.412835	-1.35976	-2.00794	0.057801	0.200871	0.187566
854	0.000976562	0.90869	-0.427054	2.55968	-0.0809083	0.0160658	-0.229117
855	0.000976562	0.153667	-0.623043	-1.90345	0.00216251	0.00451738	0.116276
856	0.000976562	1.21566	0.562263	-1.45402	-0.126178	-0.0920416	0.216679
857	0.000976562	-1.33762	-1.46391	-0.021416	0.162747	0.154523	-0.0019674
858	0.000976562	0.677176	1.81669	1.39527	-0.0584944	-0.169079	-0.0791976
859	0.000976562	-2.63852	0.471972	-0.341846	0.233858	-0.0117444	0.0225828
860	0.000976562	-1.38201	0.236719	-2.24266	0.106907	-0.0274174	0.184474
861	0.000976562	1.27685	-0.81622	-1.88716	-0.224645	0.0287726	0.0849324
862	0.000976562	1.28398	-0.0369897	-1.08505	-0.0927644	-0.0210866	0.0644501
863	0.000976562	-1.20648	-0.625833	2.34346	0.134068	0.0430487	-0.175559
864	0.000976562	0.440203	-0.662109	1.67733	-0.0446659	0.0544089	-0.135336
865	0.000976562	1.77853	-0.376556	1.12397	-0.14801	0.0350673	-0.0720633
866	0.000976562	-1.50341	-1.84153	1.06939	0.0779508	0.181318	-0.097083
867	0.000976562	-1.57899	-1.38531	-1.66205	0.108011	0.139921	0.15164
868	0.000976562	-0.570134	2.62768	-0.732212	0.0312593	-0.194742	0.0624418
869	0.000976562	-1.03855	-2.31618	-0.723011	0.1011	0.206227	0.0788763
870	0.000976562	-1.97208	-1.17126	-1.18941	0.16137	0.0898765	0.0773992
871	0.000976562	1.94624	1.657	0.422156	-0.142837	-0.163701	-0.0607656
872	0.000976562	-1.15594	-0.938886	0.46249	0.110608	0.0830915	-0.102321
873	0.000976562	1.34787	-0.610416	0.0100815	-0.101589	0.0192288	-0.0586621
874	0.000976562	2.22712	0.954161	0.16627	-0.102127	-0.0595245	-0.0440972
875	0.000976562	-0.829372	1.3586	1.12525	0.0376675	-0.0147789	-0.043885
876	0.000976562	1.64466	1.14785	0.593496	-0.121882	-0.0989704	-0.096989
877	0.000976562	-0.097666	-1.57167	0.364791	-0.0235501	0.11308	-0.0547705
878	0.000976562	0.766865	-2.07657	0.396526	-0.0657882	0.114127	0.00416455
879	0.000976562	0.204821	-1.90321	1.56571	-0.0195677	0.166196	-0.113557
880	0.000976562	-0.0057405	1.3116	-0.568354	0.0116017	-0.117231	0.0528065
881	0.000976562	1.1489	1.1025	0.35599	-0.0723529	-0.0728327	-0.01981
882	0.000976562	1.97408	0.516065	0.342421	-0.144179	-0.0552726	-0.031078
883	0.000976562	-1.0688	2.44876	0.10915	0.0763028	-0.210501	0.00183543
884	0.000976562	-0.63016	0.32834	-2.02323	-0.0707761	0.0586744	0.0589356
885	0.000976562	-1.34153	-0.969477	-0.00539134	0.113676	0.103184	-0.0617385
886	0.000976562	1.08455	-1.14404	-2.18453	-0.0253434	0.180338	0.105366
887	0.000976562	0.314786	2.02661	-0.452872	-0.0492622	-0.171909	0.0324011
888	0.000976562	-0.119929	-1.10948	1.76425	0.0183199	0.0903219	-0.0951806
889	0.000976562	1.04172	0.257828	1.6936	-0.0451884	-0.146747	-0.0660348
890	0.000976562	-0.795804	1.32617	1.08983	0.111673	-0.13262	-0.163181
891	0.000976562	1.40023	0.422701	1.07957	-0.0957279	-0.0580191	-0.0734987
892	0.000976562	1.39197	0.00905775	-0.802164	-0.140392	-0.0208047	0.0531879
893	0.000976562	1.53416	-0.598466	0.651659	-0.0966708	0.0590212	-0.0945173
894	0.000976562	-1.33598	1.72507	0.368553	0.119625	-0.129022	-0.040315
895	0.000976562	1.49764	0.956041	1.85144	-0.105624	-0.0512683	-0.0724034
896	0.000976562	0.962742	-0.166822	-1.23401	-0.0818057	-0.0831007	0.12611
897	0.000976562	-0.381268	-1.47416	1.11801	0.0318886	0.107264	-0.11336
898	0.000976562	-2.18896	0.413055	-0.282747	0.164722	-0.0104762	-0.000196285
899	0.000976562	1.64711	0.753533	-1.2192	-0.156985	-0.05547	0.107524
900	0.000976562	-0.610325	-2.2692	-0.143946	0.0658394	0.250933	0.0363335
901	0.000976562	-1.69115	0.612509	-0.908343	0.0724997	-0.126392	0.0554225
902	0.000976562	-1.159	-0.707806	1.68113	0.0307784	0.0955054	-0.166195
903	0.000976562	-0.100429	1.62808	-1.27015	0.0121441	-0.128497	0.0928545
904	0.000976562	-0.758108	0.906147	-1.9866	0.0487279	0.0368517	0.13004
905	0.000976562	-1.16045	1.05631	1.92466	0.100325	-0.0872982	-0.152679
906	0.000976562	0.554858	0.17299	-2.13387	-0.00858563	-0.0322389	0.208771
907	0.000976562	-0.0776057	1.48905	-1.62032	0.00871586	-0.118239	0.116083
908	0.000976562	-0.22228	0.0543583	-1.32616	0.0167743	0.0373479	0.106173
909	0.000976562	-1.28034	-1.68719	0.375171	0.112756	0.147932	-0.0684666
910	0.000976562	-1.72544	1.85509	0.208577	0.17142	-0.127592	-0.0163334
911	0.000976562	0.826459	-0.504249	-0.420446	-0.0258978	-0.166808	-0.0315469
912	0.000976562	-0.260355	-0.0602188	0.940522	-0.0145389	0.0402565	-0.0650065
913	0.000976562	-0.485342	-0.419716	-0.259148	0.00269091	0.0393488	0.0151755
914	0.000976562	1.9803	0.639308	1.4345	-0.163469	-0.0796791	-0.0551891
915	0.000976562	-0.432184	0.489024	2.18485	0.0517459	-0.0417812	-0.188598
916	0.000976562	-0.231066	-1.74263	-0.386126	-0.00196108	0.115979	0.0618201
917	0.000976562	-0.624187	1.33841	1.90319	0.0808599	-0.116655	-0.151315
918	0.000976562	0.258556	-1.66697	1.42383	-0.0157346	0.106002	-0.0919679
919	0.000976562	-0.519128	-0.916945	-1.26978	-0.00490123	0.0744562	0.0794917
920	0.000976562	-0.205105	0.489076	2.51163	0.0141187	-0.036186	-0.224521
921	0.000976562	1.21993	1.64988	-1.83201	-0.175872	-0.10154	0.187864
922	0.000976562	1.41	0.477492	-2.17607	-0.143606	-0.0579698	0.175708
923	0.000976562	-0.501248	-0.904673	0.803769	0.102481	0.0265599	-0.171689
924	0.000976562	-0.416659	0.839514	1.62821	0.0447726	-0.138952	-0.182601
925	0.000976562	1.16651	0.713737	2.27106	-0.0851732	-0.0592327	-0.178896
926	0.000976562	-1.37919	0.104046	1.43078	0.130456	-0.00736907	-0.114642
927	0.000976562	-1.55454	-1.56918	1.04036	0.0947361	0.0949063	-0.0730171
928	0.000976562	1.53255	2.28263	-0.324429	-0.0971842	-0.179657	0.0328493
929	0.000976562	1.21507	-1.75273	-1.03679	-0.0921739	0.159417	0.0701943
930	0.000976562	-2.07967	1.59181	-1.0111	0.149629	-0.138673	0.0729123
931	0.000976562	1.34235	-0.48763	1.39395	-0.0614555	0.0146232	-0.101185
932	0.000976562	-0.453954	1.30466	2.38984	0.0983808	-0.0922465	-0.244858
933	0.000976562	0.552155	-0.447475	-0.2357	0.00669858	0.0278836	-0.0307173
934	0.000976562	1.66838	1.98349	0.909635	-0.108914	-0.155157	-0.0447807
935	0.000976562	-0.616597	-0.259443	0.0213497	0.0504926	0.00942991	-0.0225894
936	0.000976562	-1.34042	-0.385688	1.60095	0.120225	0.0338821	-0.131738
937	0.000976562	-2.42786	0.657275	-0.16557	0.241915	-0.0603793	0.046262
938	0.000976562	-2.25605	-0.804421	0.678676	0.211344	0.0415195	-0.0121861
939	0.000976562	0.731384	2.22635	-0.0288807	-0.0431721	-0.165073	0.010129
940	0.000976562	-0.713295	0.102449	-0.894622	0.0197825	-0.0417568	0.124612
941	0.000976562	0.919918	0.657351	2.44858	-0.0768918	-0.042052	-0.198649
942	0.000976562	1.86693	0.550661	-0.272294	-0.133033	-0.15086	0.0473334
943	0.000976562	0.663419	0.713766	-1.27855	-0.0322426	-0.0942716	0.100074
944	0.000976562	-1.70803	0.205298	-1.14274	0.246677	0.0359009	0.036693
945	0.000976562	0.0527534	1.07841	-0.673249	-0.0063682	-0.0798865	0.0708131
946	0.000976562	-1.13598	-0.799518	-2.24768	0.0899256	0.0556519	0.20006
947	0.000976562	-0.276531	0.744938	0.717556	0.0165617	-0.0878846	-0.0306284
948	0.000976562	-1.43434	-1.23587	-0.415178	0.166053	0.11485	0.0435091
949	0.000976562	-0.494836	-1.42716	1.6447	0.0529423	0.115476	-0.113568
950	0.000976562	0.76474	1.39442	0.971897	-0.0689057	-0.099366	-0.0611565
951	0.000976562	-0.637714	2.07881	-0.782347	0.00670272	-0.155765	0.0753365
952	0.000976562	0.267867	2.38608	1.27971	0.0392824	-0.216549	-0.0976923
953	0.000976562	1.81197	-0.0331314	1.81144	-0.152228	0.0424121	-0.149995
954	0.000976562	-0.335231	-2.23177	-0.227711	-0.0204803	0.199707	0.0123797
955	0.000976562	-1.11238	-0.113375	-1.89063	0.0858514	0.00615399	0.165698
956	0.000976562	-1.98141	1.09019	1.21233	0.143301	-0.134094	-0.0816919
957	0.000976562	1.95697	0.45733	0.429109	-0.135307	-0.124313	0.00798134
958	0.000976562	-0.560684	1.83186	1.97171	0.0475251	-0.137132	-0.150358
959	0.000976562	-0.264241	-0.667457	-2.49038	0.0195535	0.0131635	0.20628
960	0.000976562	1.70009	1.01623	-0.457961	-0.12838	-0.0748828	-0.0418748
961	0.000976562	-1.76653	1.98469	0.0834243	0.157267	-0.18206	0.0212169
962	0.000976562	-2.26021	-0.973714	0.954508	0.11293	-0.00710724	-0.114514
963	0.000976562	1.05	-1.10594	1.51995	-0.073924	0.112846	-0.094119
964	0.000976562	0.0237923	-1.28457	-2.31153	0.00131286	0.0686451	0.221712
965	0.000976562	2.08499	-1.51839	0.344401	-0.234865	0.273014	-0.0970217
966	0.000976562	-1.27594	0.589722	0.826021	0.0864319	-0.0649582	-0.114651
967	0.000976562	0.772061	0.690331	0.209623	-0.151073	-0.166066	0.00770539
968	0.000976562	0.958318	0.719862	0.426696	-0.102581	-0.0460314	-0.0420242
969	0.000976562	2.32164	0.914045	-1.06118	-0.193632	-0.0800043	0.0736022
970	0.000976562	-1.80186	0.652802	1.29907	0.140713	-0.0403438	-0.127485
971	0.000976562	0.43296	1.31898	1.77753	-0.0428283	-0.0888459	-0.0740198
972	0.000976562	2.32836	-1.13869	-0.626394	-0.303096	0.0579359	0.00290009
973	0.000976562	-0.052242	1.30886	-2.37668	0.0812092	-0.129023	0.228677
974	0.000976562	-0.754291	-1.57365	0.0194254	0.0309409	0.120692	-0.141489
975	0.000976562	-0.177374	1.5839	-0.794306	0.0125198	-0.123494	0.0878798
976	0.000976562	1.66444	-1.56804	1.0727	-0.115253	0.124399	-0.10904
977	0.000976562	-0.679799	0.283017	2.3984	0.0193299	-0.0562156	-0.316913
978	0.000976562	-1.2746	-0.999925	-1.05086	0.108602	0.0993651	0.113878
979	0.000976562	-0.652367	0.487282	1.66847	0.140154	-0.0463639	-0.13934
980	0.000976562	0.480378	0.59084	1.67615	-0.0879508	-0.0862816	-0.0908995
981	0.000976562	-0.849783	-0.223016	1.55711	0.0474324	0.0237246	-0.129103
982	0.000976562	-1.66931	-0.259262	1.21014	0.119822	-0.0111538	-0.112711
983	0.000976562	1.06962	0.0803954	0.96732	-0.0529283	0.000796607	-0.0594854
984	0.000976562	2.14046	0.246856	-0.19684	-0.286076	0.0187154	-0.00554189
985	0.000976562	-0.795772	-0.400234	-1.38105	0.0531929	0.0294325	0.130897
986	0.000976562	-0.821602	-2.04325	1.37031	0.070108	0.154669	-0.0995508
987	0.000976562	0.47328	0.0375753	-1.8522	0.0022647	-0.0082421	0.169687
988	0.000976562	-0.721481	2.35897	-0.182759	0.0422031	-0.22159	0.057489
989	0.000976562	0.076435	-0.107009	-0.646334	-0.00452198	-0.00528329	0.039867
990	0.000976562	0.49045	-0.0852249	-0.753591	-0.0232691	-0.0213084	0.0584315
991	0.000976562	0.913966	-0.487892	-2.4568	-0.06506	0.0489223	0.250827
992	0.000976562	-1.29691	-0.0121777	-0.523809	0.144691	0.0294923	-0.0294846
993	0.000976562	-0.266537	-2.54623	0.730852	-0.0256944	0.212588	-0.0762858
994	0.000976562	1.60622	1.38115	-1.39546	-0.115713	-0.0888683	0.134432
995	0.000976562	1.79921	1.57759	-1.39104	-0.152601	-0.154504	0.11984
996	0.000976562	-2.25214	-0.280514	1.43744	0.172726	-0.0104431	-0.165042
997	0.000976562	1.41494	0.593694	2.11491	-0.112843	-0.0373811	-0.16775
998	0.000976562	-2.15227	0.288377	0.715529	0.16718	-0.0140477	-0.141565
999	0.000976562	1.66763	1.96083	-0.107795	-0.184192	-0.167328	0.0221237
1000	0.000976562	1.96648	0.138731	1.76113	-0.191135	-0.013161	-0.136108
1001	0.000976562	0.0389382	1.10201	2.13884	-0.0138185	-0.0594111	-0.159464
1002	0.000976562	1.38912	0.445248	-0.909316	-0.162788	-0.00962954	0.0935953
1003	0.000976562	-1.6113	-0.72567	-0.960094	0.171654	0.0537058	0.039899
1004	0.000976562	2.078	-0.154492	1.63785	-0.183989	0.0470014	-0.1083
1005	0.000976562	0.177085	-0.0971482	0.217644	-0.0667871	-0.022106	0.018703
1006	0.000976562	-1.42556	-2.21574	-0.631634	0.143258	0.172	0.0416099
1007	0.000976562	1.54416	1.03834	1.93107	-0.176833	-0.127906	-0.123706
1008	0.000976562	-0.312743	-2.04244	0.117297	-0.0331063	0.148038	-0.0254686
1009	0.000976562	-0.637205	1.97924	0.342931	0.0450133	-0.163067	-0.0344414
1010	0.000976562	-0.134733	0.57561	-1.4698	0.00762966	-0.0696076	0.134736
1011	0.000976562	0.141047	-0.778262	-2.12557	-0.0377427	-0.00114342	0.0741957
1012	0.000976562	1.63147	-0.71537	-1.18392	-0.128522	0.0578607	0.149438
1013	0.000976562	-0.9576	1.18014	-0.710332	0.0588487	-0.0817232	0.0742042
1014	0.000976562	1.62654	0.533715	-0.821818	-0.165852	-0.0569824	0.0687732
1015	0.000976562	-0.508851	-0.681126	1.6984	0.044581	0.0710635	-0.125306
1016	0.000976562	0.0767742	1.28607	2.25808	-0.0137178	-0.139975	-0.1754
1017	0.000976562	-1.25811	-2.03231	0.0261924	0.142734	0.123676	-0.0417653
1018	0.000976562	-1.72498	1.4609	-0.624468	0.125205	-0.130244	0.0524864
1019	0.000976562	0.350368	1.8447	0.984628	-0.0317038	-0.116296	-0.0213177
1020	0.000976562	0.557624	1.09743	-2.4229	-0.0738228	-0.0611925	0.190303
1021	0.000976562	-2.2152	0.650347	-0.710326	0.195746	-0.0627316	0.0802578
1022	0.000976562	-1.61502	0.524667	-1.19631	0.104716	-0.0921081	0.14647
1023	0.000976562	1.24295	-2.3872	0.18751	-0.113127	0.21576	0.000145758
