3.000000e+00
1024
0	0.000976562	0.248843	1.1189	0.547249	-0.0374943	-0.168504	-0.0535464
1	0.000976562	0.222378	-0.315105	0.727442	-0.0389182	0.0541159	-0.110029
2	0.000976562	-0.516268	1.40309	0.124826	0.0821621	-0.235343	-0.0414781
3	0.000976562	1.49876	-0.0471506	1.48659	-0.214726	0.0978369	-0.130364
4	0.000976562	2.17809	0.200377	-0.364791	-0.356327	0.00450382	0.099332
5	0.000976562	-1.16955	1.39809	-0.178187	0.221082	-0.100495	0.0308735
6	0.000976562	0.539746	0.628142	2.24187	-0.108731	-0.0987468	-0.301704
7	0.000976562	0.811264	-0.410469	-0.444425	-0.344619	0.20271	-0.0744819
8	0.000976562	-0.947272	-0.600718	0.392442	0.0863926	0.0321602	-0.093609
9	0.000976562	-1.43807	-1.60978	0.805986	0.212125	0.259348	-0.066137
10	0.000976562	-1.24453	-0.121749	-1.17148	0.159032	0.0110627	0.259225
11	0.000976562	-1.80143	-1.45376	-0.605042	0.259653	0.215351	0.130234
12	0.000976562	-1.0622	-1.69939	-0.837514	0.0545955	0.308288	0.0779802
13	0.000976562	-0.317427	-2.05328	0.969147	0.0489651	0.315889	-0.14684
14	0.000976562	0.334054	-1.1627	0.118355	-0.0518163	0.125595	-0.0222338
15	0.000976562	-0.798364	0.673124	-1.77677	0.276014	-0.243086	0.392977
16	0.000976562	0.948476	-0.927402	-1.74019	-0.28933	0.176502	0.073697
17	0.000976562	0.421181	0.50089	0.352011	-0.0267198	-0.0844254	-0.0646621
18	0.000976562	1.72319	1.11908	-1.08626	-0.259067	-0.0634999	0.0630869
19	0.000976562	0.378862	2.04859	1.08603	-0.100858	-0.183097	-0.0289824
20	0.000976562	0.701394	-0.322369	0.536241	-0.120341	0.048178	-0.0778099
21	0.000976562	-1.07697	0.577807	-0.365941	0.123425	-0.151055	0.0425263
22	0.000976562	-1.7913	-0.926786	0.382584	0.276313	0.155658	-0.0302385
23	0.000976562	0.445987	0.436043	0.770255	-0.0757338	-0.0544075	-0.110243
24	0.000976562	0.67393	-0.418682	1.88946	-0.20012	0.016654	-0.211891
25	0.000976562	-0.625156	-0.270354	1.99687	0.115228	0.0341491	-0.256109
26	0.000976562	1.64145	0.392637	-0.353152	-0.123265	-0.0744384	0.191502
27	0.000976562	-2.14746	1.01197	-0.298135	0.307488	-0.169363	-0.0215719
28	0.000976562	1.38993	-1.47228	0.321772	-0.226923	0.297886	-0.0311707
29	0.000976562	1.49592	-1.32105	-0.803345	-0.206675	0.256377	0.1338
30	0.000976562	-1.65747	0.616204	0.361195	0.246303	-0.131332	-0.0831763
31	0.000976562	0.120304	0.514193	1.22844	-0.0749723	-0.0643248	-0.110795
32	0.000976562	-1.04376	-0.523862	-1.36543	0.045978	0.00370461	0.267427
33	0.000976562	0.000328911	-1.17348	-1.1872	-0.124247	0.320345	0.124518
34	0.000976562	-2.15353	-0.281131	-0.955352	0.351942	0.033595	0.120158
35	0.000976562	1.00057	-0.771496	-1.75275	-0.113854	-0.19732	0.0707838
36	0.000976562	-0.225361	0.306982	1.98144	0.0272002	0.0201911	-0.289542
37	0.000976562	-0.976394	-0.726857	0.305392	0.0806387	-0.019346	-0.105429
38	0.000976562	-1.16646	1.59792	-1.55404	0.129732	-0.182689	0.234345
39	0.000976562	-1.38584	-0.300148	-0.636334	0.312562	0.10196	0.238845
40	0.000976562	-0.186745	-1.05093	0.407339	0.0157821	0.154485	-0.0863932
41	0.000976562	-1.77512	1.06929	-0.412669	0.26326	-0.193806	0.0701978
42	0.000976562	0.287742	-1.41773	-1.80775	-0.0839216	0.306318	0.225903
43	0.000976562	-0.104634	-0.560764	2.21831	-0.031721	0.193553	-0.299374
44	0.000976562	-1.928	0.254964	0.661692	0.382886	-0.047859	0.0469473
45	0.000976562	0.937453	1.46239	-1.09686	-0.0551286	-0.231045	0.145024
46	0.000976562	0.392836	-1.97743	-0.0947716	-0.121374	0.45268	-0.0461534
47	0.000976562	0.000432007	0.817207	-0.645369	0.00747709	-0.0553539	0.103054
48	0.000976562	0.0783338	-1.25004	-1.97146	-0.0105072	0.254392	0.304243
49	0.000976562	-1.25608	-0.387283	0.312992	0.187898	0.0155874	-0.0250049
50	0.000976562	1.72233	1.16804	-1.11274	-0.330074	-0.214103	0.199635
51	0.000976562	-1.19626	-0.141962	0.922802	0.158749	0.0378705	-0.130333
52	0.000976562	1.02291	-0.978749	-0.568662	-0.112839	0.183658	0.102605
53	0.000976562	0.948377	1.48761	1.39229	-0.171054	-0.176075	-0.1968
54	0.000976562	-1.14232	-0.603481	0.385679	0.215262	0.0553353	-0.110099
55	0.000976562	-1.19967	-0.649974	-1.2997	0.138891	0.0456035	0.273401
56	0.000976562	-2.03571	0.163098	-0.986866	0.358197	-0.00984743	0.119192
57	0.000976562	0.392559	2.35791	0.833844	-0.0575157	-0.33377	-0.0289786
58	0.000976562	-2.38438	-0.384249	-0.0785663	0.31553	0.0246713	-0.0527994
59	0.000976562	0.204327	0.939626	-1.10806	0.0269395	-0.208674	0.16205
60	0.000976562	-0.312736	1.92111	-0.156408	-0.0476616	-0.311282	0.0617572
61	0.000976562	1.06303	-0.454621	2.04443	-0.211968	0.0601475	-0.272673
62	0.000976562	1.07815	1.21707	-0.921037	-0.0625694	0.0447121	-0.00358969
63	0.000976562	1.26816	0.691494	-1.23031	-0.196393	-0.137485	0.235497
64	0.000976562	-0.243403	0.530303	1.78886	-0.00134197	-0.0587299	-0.26053
65	0.000976562	-0.269375	2.29041	0.375891	-0.0178847	-0.349707	-0.0635288
66	0.000976562	-1.76835	0.661991	-0.537139	0.176448	-0.131643	0.0515901
67	0.000976562	-0.274389	-0.894744	-1.25637	-0.00318223	0.051148	0.249814
68	0.000976562	-1.68722	0.702104	-0.0457553	0.232599	-0.140846	0.00483282
69	0.000976562	-1.10695	-1.22178	0.750677	0.111498	0.18774	-0.164581
70	0.000976562	-1.19943	0.834022	0.139631	0.230475	-0.169614	0.0369867
71	0.000976562	-0.423613	0.314039	-1.0408	0.0131	-0.058502	0.161403
72	0.000976562	1.12953	-0.346632	-0.529059	-0.191401	0.124213	0.141467
73	0.000976562	-1.26575	-0.672721	1.54582	0.244576	0.128393	-0.248522
74	0.000976562	2.06292	-1.09274	-0.53947	-0.300972	0.0834104	0.131674
75	0.000976562	-0.611373	1.27242	-1.32964	0.0961683	-0.204165	0.167792
76	0.000976562	-1.58406	-0.182342	-1.03312	0.230413	0.0290162	0.0454755
77	0.000976562	1.81033	-1.12647	0.00473009	-0.128541	0.156523	-0.0175761
78	0.000976562	-0.414001	-1.81543	0.412847	0.0529251	0.236231	-0.162793
79	0.000976562	0.259058	-0.990427	0.601571	-0.0905111	0.313392	0.00717013
80	0.000976562	2.0163	-0.479189	0.33104	-0.25977	0.00330464	0.0117304
81	0.000976562	-1.16918	-0.0424081	-0.470752	0.198729	0.0863075	0.0134751
82	0.000976562	-1.36186	0.11233	-0.984315	0.143027	-0.00832252	0.187482
83	0.000976562	-0.602829	0.271202	1.20486	0.110269	0.0450755	-0.224341
84	0.000976562	-1.95733	-0.714987	1.11174	0.292664	0.0897005	-0.245377
85	0.000976562	0.917563	0.61764	1.07943	-0.121016	-0.1315	-0.132601
86	0.000976562	-1.62486	-0.744432	0.893083	0.139237	0.147251	-0.139808
87	0.000976562	2.03253	0.458158	-1.0674	-0.201129	0.0721981	0.199586
88	0.000976562	-0.576854	0.320253	2.21016	0.103029	0.00708456	-0.308706
89	0.000976562	-0.783813	0.575767	-1.06099	-0.0598069	-0.147989	0.100062
90	0.000976562	-1.42637	-1.79139	0.404493	0.223175	0.333089	-0.035128
91	0.000976562	0.984469	1.58415	0.0659611	-0.142103	-0.259871	0.00163055
92	0.000976562	-0.423968	0.222098	0.950948	-0.0733483	0.039074	-0.154899
93	0.000976562	-1.98585	-1.3213	-0.449396	0.333269	0.175023	0.059427
94	0.000976562	0.624333	2.01011	0.712544	-0.088162	-0.267501	0.00103833
95	0.000976562	-0.0656306	2.17642	0.265462	-0.0676195	-0.30098	0.00892776
96	0.000976562	-0.445861	-2.12991	0.935217	0.0156276	0.285337	-0.16465
97	0.000976562	1.93981	0.730417	0.163493	-0.291467	-0.19549	-0.0310114
98	0.000976562	-0.10959	-0.548482	2.3054	0.0434133	0.0834126	-0.447125
99	0.000976562	-1.52083	-0.73965	0.905114	0.272011	0.11818	-0.0966289
100	0.000976562	-2.22281	0.574901	-0.28016	0.325896	-0.111813	-0.0267087
101	0.000976562	-1.09835	-1.22397	-0.00972236	0.104604	0.163679	-0.09909
102	0.000976562	-0.763988	-0.0806216	-0.740028	0.0111566	0.11066	0.1877
103	0.000976562	-0.63965	0.339533	0.842222	0.30085	-0.266921	-0.0308338
104	0.000976562	1.18702	0.747308	1.65322	-0.10186	-0.0995264	-0.155788
105	0.000976562	1.01955	-0.834974	-1.76919	-0.324373	-0.0970908	0.247948
106	0.000976562	-1.77038	0.980939	0.800747	0.233705	-0.139516	-0.104969
107	0.000976562	0.455606	-1.20456	-1.70605	-0.0114981	0.207381	0.197338
108	0.000976562	-1.18618	-0.403722	-0.471531	0.123934	0.0716183	0.0959919
109	0.000976562	0.879222	-0.818208	0.988883	-0.113646	0.0734645	-0.169381
110	0.000976562	0.851002	-0.464205	-0.438385	-0.0517642	0.0279917	-0.0984512
111	0.000976562	0.821595	1.28121	0.119581	-0.101516	-0.114113	-0.152928
112	0.000976562	-1.89384	-0.404638	-0.402227	0.312036	0.0644703	0.136402
113	0.000976562	-1.91626	0.637345	1.04491	0.297082	-0.0400144	-0.126695
114	0.000976562	-0.66407	0.0628593	-0.720401	-0.144385	-0.158294	0.0460555
115	0.000976562	1.64213	-0.646989	-1.36224	-0.318165	0.0228713	0.203335
116	0.000976562	0.222845	1.40373	-0.246276	-0.103624	-0.215848	0.00628435
117	0.000976562	-1.71722	-1.46464	-0.341297	0.256144	0.184992	0.0392267
118	0.000976562	0.154948	-0.600956	1.33109	0.00944362	0.102762	-0.18957
119	0.000976562	-0.838691	-0.0438907	-0.658042	0.0372877	-0.0419742	0.0577297
120	0.000976562	-0.749281	-1.16767	-0.0581959	0.0337131	0.140395	-0.0322599
121	0.000976562	0.942149	-1.08023	0.0946948	-0.108181	0.13329	-0.0416575
122	0.000976562	-0.960264	0.405455	2.10843	0.198751	0.0942648	-0.365846
123	0.000976562	-0.0827459	-1.09519	1.91404	-0.200616	0.139234	-0.23783
124	0.000976562	-0.87632	1.88722	-0.127899	0.0874272	-0.139063	0.147662
125	0.000976562	-0.226955	-0.758563	2.00503	0.0716321	0.12521	-0.200083
126	0.000976562	1.97242	-0.938023	-0.136571	-0.489008	0.143662	0.11364
127	0.000976562	-0.0218539	1.42482	1.79647	0.00475767	-0.22152	-0.193039
128	0.000976562	-0.905627	-2.00639	-0.443676	0.195208	0.340642	-0.00612372
129	0.000976562	-1.81259	0.464381	-1.13936	0.352384	0.0159658	0.241736
130	0.000976562	0.85845	-0.481727	-0.351632	0.146059	-0.0598948	0.2094
131	0.000976562	-0.793987	0.578079	-1.06183	0.194965	-0.174171	0.226635
132	0.000976562	-1.62621	-0.482712	1.12821	0.173037	0.00127438	-0.256529
133	0.000976562	1.37164	-1.55538	0.262899	-0.312098	0.422978	-0.405907
134	0.000976562	-2.00329	1.20082	0.830238	0.265473	-0.191355	-0.0654813
135	0.000976562	1.60109	-0.0253884	1.87116	-0.223577	0.0533603	-0.311716
136	0.000976562	1.04165	-0.340543	-0.436127	-0.186785	0.0236528	0.239673
137	0.000976562	0.22288	2.08742	1.13962	0.131588	-0.20841	-0.208659
138	0.000976562	1.10499	-1.6031	0.0170228	-0.111309	0.196006	0.0772962
139	0.000976562	-1.10707	1.9225	-0.0320372	0.257607	-0.274154	0.00786668
140	0.000976562	-0.964352	-1.02663	-0.273446	0.0487274	0.0573445	0.03725
141	0.000976562	-0.234669	-0.646162	2.07254	0.118647	0.0964495	-0.29654
142	0.000976562	1.13362	1.24627	-0.978756	-0.235961	-0.11297	0.228245
143	0.000976562	0.441358	1.43292	1.48005	-0.0215375	-0.211734	-0.21511
144	0.000976562	-0.786505	1.49029	1.00727	0.135917	-0.080323	-0.365545
145	0.000976562	0.0602963	-0.115516	0.246417	0.140376	0.0894312	-0.07906
146	0.000976562	0.612109	0.0345589	1.82821	-0.0864415	-0.0136788	-0.266729
147	0.000976562	0.832601	-0.50908	-0.454513	0.0329229	-0.0685377	0.0514023
148	0.000976562	1.57024	-0.69002	-1.38915	-0.195809	0.118561	0.247054
149	0.000976562	0.404831	-0.484127	-0.748749	0.0657829	0.205664	0.177195
150	0.000976562	1.34099	-0.885473	0.707103	-0.141551	0.107904	-0.183019
151	0.000976562	0.107379	0.0120026	2.02224	0.074956	0.0112277	-0.27015
152	0.000976562	0.172241	1.73749	1.11968	-0.0417711	-0.19644	-0.163916
153	0.000976562	-1.0349	-1.80844	-0.821564	0.12984	0.23151	0.176598
154	0.000976562	-2.13352	1.06251	-0.502121	0.318352	-0.171937	0.0878582
155	0.000976562	-0.91145	1.12566	-0.687229	0.160479	-0.191527	0.228441
156	0.000976562	0.965731	1.58394	-1.48312	-0.157304	-0.247035	0.0827097
157	0.000976562	-1.43188	-0.71723	-0.00272492	0.310832	0.0968326	0.000641418
158	0.000976562	-1.39866	0.654044	-1.97003	0.193417	-0.106292	0.251721
159	0.000976562	-0.25556	-0.917758	-1.00875	-0.0214177	0.0530038	0.0531374
160	0.000976562	-0.000232444	1.13693	-2.11407	0.143484	-0.0126121	0.399331
161	0.000976562	-1.60652	0.114624	-1.04558	0.162525	-0.0115729	0.0249274
162	0.000976562	-0.949743	0.411612	2.1049	0.12068	-0.209267	-0.287733
163	0.000976562	1.52289	1.12264	0.328391	-0.227977	-0.212344	-0.0172113
164	0.000976562	-0.0632744	1.08347	-2.17071	-0.0675284	-0.311767	0.23483
165	0.000976562	-1.89093	-1.03741	-0.263899	0.327953	0.117358	-0.00899768
166	0.000976562	-2.30536	-0.310408	0.0134251	0.366705	0.0617264	-0.00121174
167	0.000976562	-1.23053	0.479399	1.23405	0.216179	-0.0852315	-0.208342
168	0.000976562	-1.17855	0.504003	0.661794	0.412365	-0.239046	-0.052902
169	0.000976562	-0.829159	-1.10957	-1.07064	0.0154574	0.226582	0.251935
170	0.000976562	-0.877205	0.597452	1.21281	0.155815	-0.186894	-0.0407253
171	0.000976562	-1.19609	1.61253	-1.3003	0.189106	-0.299007	0.278196
172	0.000976562	-0.754145	1.49944	0.986953	0.206642	-0.400817	-0.0755733
173	0.000976562	0.202389	1.13036	-0.542822	-0.112849	-0.153505	0.0339107
174	0.000976562	0.970127	-1.90038	-1.17785	-0.132553	0.268049	0.162941
175	0.000976562	2.16034	0.817476	0.100733	-0.404822	-0.135392	0.105172
176	0.000976562	-0.446639	1.24916	-1.8627	0.103751	-0.22522	0.147676
177	0.000976562	0.148573	-0.70354	-1.84512	-0.0155486	0.0630427	0.266671
178	0.000976562	0.665791	0.310193	-1.0777	-0.0166839	-0.051708	0.101266
179	0.000976562	-2.11868	-0.143751	-0.337191	0.33918	-0.0370266	0.0171818
180	0.000976562	-1.39167	-0.300944	-0.656297	0.237307	0.0414655	0.00132346
181	0.000976562	-1.60348	-0.188968	-1.04474	0.336954	0.0910152	0.317713
182	0.000976562	1.5603	0.264436	1.73154	-0.249195	-0.0924192	-0.280184
183	0.000976562	1.11714	-0.795852	1.47776	-0.186548	0.111652	-0.19667
184	0.000976562	-1.93373	-0.489654	-1.35852	0.293608	0.0640914	0.219898
185	0.000976562	0.902402	-1.92132	-0.462245	-0.146737	0.281623	0.108021
186	0.000976562	-1.13679	0.026253	-0.762916	0.140266	-0.0583728	0.0933888
187	0.000976562	-1.24117	-1.08549	1.43944	0.171794	0.17395	-0.231507
188	0.000976562	-1.95799	0.774132	1.20124	0.296968	-0.0644325	-0.227406
189	0.000976562	-1.05757	-0.569596	-0.130803	0.0993037	0.019375	-0.042817
190	0.000976562	0.835459	-0.416085	-1.5114	-0.112241	-0.0256666	0.196823
191	0.000976562	-0.516168	1.09749	0.647117	0.0998492	-0.134011	-0.140154
192	0.000976562	1.9068	-0.997894	-0.577465	-0.272923	0.129433	0.103888
193	0.000976562	-0.610979	0.301349	0.839415	0.116847	0.00484438	0.0394126
194	0.000976562	1.78211	0.802435	-0.805342	-0.274347	-0.129759	0.0882732
195	0.000976562	0.016741	-1.48798	-1.7316	-0.00854327	0.316769	0.276833
196	0.000976562	1.41098	-1.59001	0.266945	-0.219061	0.199949	0.0181775
197	0.000976562	0.841699	-0.4348	-2.16056	-0.158708	0.123994	0.255931
198	0.000976562	0.5067	0.371049	0.103327	-0.00920493	-0.0857107	0.0189724
199	0.000976562	0.289082	-0.407911	2.21478	-0.0278712	0.108932	-0.379048
200	0.000976562	0.46241	-1.88122	-0.203984	-0.13458	0.221275	0.109108
201	0.000976562	-1.18097	1.36773	-0.171301	0.122688	-0.296267	0.0755098
202	0.000976562	0.802966	-0.379618	-2.25843	-0.0210235	-0.0268226	0.395467
203	0.000976562	1.41406	0.0733122	1.55126	-0.147618	-0.0011571	-0.108366
204	0.000976562	1.19703	1.43685	-1.02547	-0.222801	-0.291059	0.121008
205	0.000976562	1.83927	0.307933	-0.166056	-0.0543589	-0.0605969	-0.0499594
206	0.000976562	-0.496319	1.53522	0.908394	-0.115901	-0.24162	-0.129958
207	0.000976562	2.02979	-0.934455	0.272745	-0.32605	0.115988	-0.057821
208	0.000976562	-0.598787	1.51757	0.149885	0.037052	-0.173367	-0.0193808
209	0.000976562	-1.28242	-0.938842	-1.13383	0.206302	0.280337	0.232717
210	0.000976562	0.134571	1.09843	2.21678	-0.0562479	-0.131863	-0.355243
211	0.000976562	1.03338	1.54442	-1.55467	-0.180616	-0.189168	0.310651
212	0.000976562	-0.577478	-0.357087	0.928127	0.135465	0.0624373	-0.135754
213	0.000976562	-1.11238	-0.889829	-0.904528	0.071344	0.0907862	-0.0527576
214	0.000976562	0.939487	1.12557	1.38483	-0.142358	-0.133503	-0.159202
215	0.000976562	-1.0661	0.306036	0.226466	0.144714	-0.0353395	-0.0284964
216	0.000976562	1.51756	0.908392	0.393289	-0.182322	-0.070426	-0.0628064
217	0.000976562	-0.0147502	-1.13788	-1.24	0.00327997	0.284989	0.204732
218	0.000976562	-0.287496	6.19739e-06	0.183525	0.0283047	-0.0601867	-0.0479568
219	0.000976562	0.880343	-0.781808	-1.91877	0.0312319	0.0323305	0.366751
220	0.000976562	-0.924361	-1.55547	0.18829	0.111678	0.265158	-0.114656
221	0.000976562	-0.702128	-1.38586	0.0289683	0.0615655	0.23301	-0.00675097
222	0.000976562	-1.52173	0.881662	0.733423	0.18986	-0.158632	-0.0973433
223	0.000976562	-1.71683	-0.932103	-1.04724	0.329039	0.0597297	0.10604
224	0.000976562	0.178958	2.46074	-0.523303	-0.0203243	-0.21775	0.0602189
225	0.000976562	-1.90516	-0.375603	-1.0175	0.320875	0.0759073	0.143142
226	0.000976562	0.0572246	0.920098	-0.197564	0.0866057	-0.0702849	4.12093e-06
227	0.000976562	-0.0712729	-1.78302	-0.436177	-0.0136305	0.256627	0.128283
228	0.000976562	0.910199	-0.962547	-1.66503	-0.0491303	0.30797	0.363232
229	0.000976562	1.92349	1.07466	0.565998	-0.333504	-0.170487	-0.111988
230	0.000976562	1.59518	1.84681	-0.15308	-0.203685	-0.201412	-0.00814972
231	0.000976562	0.53047	0.236276	0.146734	-0.0832293	0.0180119	-0.0645325
232	0.000976562	1.34657	0.940568	-0.932297	-0.195158	-0.136154	0.098345
233	0.000976562	-1.52148	0.988669	1.72734	0.208513	-0.0737075	-0.23887
234	0.000976562	2.01288	-0.935117	-0.0507607	-0.336725	0.0363427	-0.0224225
235	0.000976562	0.101097	-1.74127	1.09658	0.00440286	0.247809	-0.132059
236	0.000976562	-0.728053	-0.702634	-0.621432	0.0062797	0.0731712	0.0724996
237	0.000976562	0.750264	-0.477125	2.07471	-0.14131	0.253634	-0.285065
238	0.000976562	-0.257334	1.73501	-1.40151	0.0392339	-0.250189	0.184066
239	0.000976562	0.0877045	2.19247	0.952306	-0.00962587	-0.323273	-0.121815
240	0.000976562	-0.366219	0.684714	1.44451	0.237272	0.0157039	-0.151616
241	0.000976562	-0.391555	1.02539	1.49186	0.0923727	-0.22105	-0.179634
242	0.000976562	1.68188	0.426401	1.16865	-0.348945	-0.0287485	-0.173702
243	0.000976562	0.378979	-0.324516	2.07902	0.0403878	0.0296483	-0.344888
244	0.000976562	-2.15892	-0.051307	1.03773	0.270968	-0.0478909	-0.209934
245	0.000976562	-0.773925	0.200983	0.984234	0.205207	0.0676573	-0.171352
246	0.000976562	-1.75371	-1.4662	-0.183471	0.292776	0.21695	-0.0642089
247	0.000976562	-0.967487	1.82997	0.38102	0.168938	-0.293371	-0.105113
248	0.000976562	-0.768816	1.77877	1.52016	0.090834	-0.273653	-0.230367
249	0.000976562	0.064404	0.267921	-0.840752	-0.0224797	-0.0582657	0.079709
250	0.000976562	-0.414488	0.432161	1.21232	-0.0797668	-0.168402	-0.128879
251	0.000976562	0.61336	1.60283	1.31987	-0.171342	-0.161825	-0.300449
252	0.000976562	1.91415	0.464669	0.377102	-0.367751	-0.0850019	-0.131
253	0.000976562	1.26241	1.50742	-0.6523	-0.155538	-0.316537	0.0507305
254	0.000976562	-0.326665	1.16181	2.07737	-0.0508116	-0.0987839	-0.197432
255	0.000976562	0.718118	1.77123	0.972075	-0.140813	-0.177146	-0.102873
256	0.000976562	-0.51982	-0.554016	-0.54315	-0.027064	0.0569975	0.0640498
257	0.000976562	-1.5143	-0.702481	-0.125638	0.268107	0.112563	-0.0485382
258	0.000976562	0.596331	1.21335	1.95854	-0.134825	-0.174967	-0.275203
259	0.000976562	-0.212897	0.826251	-1.98498	-0.00572866	-0.0457459	0.287231
260	0.000976562	1.09076	1.52316	-1.58727	-0.0242759	-0.233823	0.20242
261	0.000976562	-0.424691	-0.0265518	-0.268945	-0.0021909	-0.0656325	0.0242164
262	0.000976562	0.0139433	0.904813	-0.205502	-0.140247	-0.124722	-0.00841344
263	0.000976562	1.67077	0.318989	-0.109993	-0.214627	0.0533323	-0.0569382
264	0.000976562	0.461579	-0.289109	0.2602	-0.0878345	0.0501559	-0.0544887
265	0.000976562	-0.486285	-0.393175	0.947113	-0.0136372	0.106417	-0.167521
266	0.000976562	1.44651	-1.01396	-0.660425	-0.197561	0.148349	0.0746648
267	0.000976562	0.963962	-1.89532	0.276384	-0.195611	0.249637	-0.0753844
268	0.000976562	-0.30935	1.15345	2.11097	0.108923	-0.155449	-0.357751
269	0.000976562	-1.02186	0.00693401	-0.515475	0.063159	-0.124207	-0.0200941
270	0.000976562	-1.47276	-0.984545	-1.58851	0.247282	0.166504	0.29275
271	0.000976562	-0.512415	-1.97334	-0.101051	0.0598446	0.360289	-0.0647148
272	0.000976562	0.6438	1.78204	-1.37577	0.00609007	-0.215973	0.179308
273	0.000976562	-1.14511	0.583542	-0.547569	0.161543	-0.131654	0.103851
274	0.000976562	1.01668	-0.819756	-1.87885	-0.228232	0.0361338	0.296417
275	0.000976562	-1.46928	1.50413	-1.11483	0.1967	-0.207745	0.16783
276	0.000976562	1.74591	0.358426	-0.170944	-0.294779	0.0138727	-0.0171805
277	0.000976562	0.630801	0.18759	-0.121083	-0.0759613	-0.03423	0.0404371
278	0.000976562	-0.330156	-1.02701	-2.0135	0.0538601	0.0770793	0.358172
279	0.000976562	1.75127	1.42293	0.329363	-0.201047	-0.134119	0.09053
280	0.000976562	-1.15921	-0.629121	-1.42917	0.135419	0.0517838	0.288944
281	0.000976562	0.541139	2.1326	1.20819	-0.183074	-0.262991	-0.213375
282	0.000976562	0.508589	1.71941	-1.22562	0.0806054	-0.213165	-0.0156182
283	0.000976562	0.0306932	-2.25201	0.286194	0.00745875	0.364786	-0.0565941
284	0.000976562	2.0269	1.08826	0.553281	-0.203222	-0.153108	-0.119208
285	0.000976562	0.606954	-0.0438568	-2.45977	-0.0334568	-0.0253045	0.321528
286	0.000976562	-0.793636	-1.7437	1.39507	0.111891	0.194399	-0.22602
287	0.000976562	0.363992	-1.96435	-0.138738	0.0283082	0.252066	-0.0319207
288	0.000976562	-1.00214	0.0583986	-0.894307	0.0709908	-0.0643912	0.213273
289	0.000976562	0.438487	-0.30408	1.98396	-0.117527	0.0612469	-0.279088
290	0.000976562	-1.54472	-1.45001	0.962835	0.304125	0.187548	-0.146029
291	0.000976562	1.43979	0.0372115	0.594045	-0.172516	0.0199855	-0.0496023
292	0.000976562	-1.43451	-0.0616812	-1.90683	0.201104	0.00839948	0.295876
293	0.000976562	-0.950838	-0.895496	-0.271823	0.0647972	0.162668	0.0358187
294	0.000976562	-0.297804	-1.35842	-0.797726	-0.0269739	0.231226	0.0762034
295	0.000976562	0.0131622	1.93365	0.611543	-0.0773198	-0.250108	-0.0320316
296	0.000976562	-0.784556	-1.37473	-0.439389	0.0699085	0.300426	0.054576
297	0.000976562	0.523052	-1.3127	1.72067	-0.0600021	0.192445	-0.219068
298	0.000976562	1.85051	-1.12989	0.726103	-0.237179	0.203065	-0.204748
299	0.000976562	1.03556	-1.86471	0.251856	-0.133611	0.287177	-0.0810458
300	0.000976562	1.08961	1.68575	1.28215	-0.165338	-0.236208	-0.145173
301	0.000976562	-0.012315	-0.150362	0.26795	-0.0263644	0.0265137	-0.0744058
302	0.000976562	1.01453	2.22477	0.658273	-0.156052	-0.267411	-0.035061
303	0.000976562	-0.0691749	-1.08729	-1.13213	-0.0491182	0.0873013	0.0779094
304	0.000976562	-0.825973	-0.829974	0.325012	0.00356018	0.153866	-0.115549
305	0.000976562	0.983692	-0.922334	-1.88954	-0.0569136	0.398923	0.300228
306	0.000976562	0.631407	-2.06525	0.599217	-0.149462	0.348763	-0.0997533
307	0.000976562	0.78999	1.20449	0.0814887	-0.0261117	-0.0452233	0.124059
308	0.000976562	1.25848	-1.57114	0.187666	-0.168871	0.18311	0.00382157
309	0.000976562	-0.410224	-1.65623	-1.69597	0.0710891	0.263639	0.231634
310	0.000976562	1.08284	1.22347	-1.56437	-0.135699	-0.0107551	0.243559
311	0.000976562	1.02605	1.34142	-0.980748	-0.157679	-0.214199	0.0182501
312	0.000976562	-0.648613	-0.691135	0.532208	0.0641205	0.062419	-0.125336
313	0.000976562	1.49491	1.09822	-0.0938905	-0.183666	-0.210862	0.0134361
314	0.000976562	0.751765	0.117298	1.61438	-0.080746	0.0284117	-0.186214
315	0.000976562	-0.219631	0.069406	-1.17699	-0.0595231	-0.0851811	0.211773
316	0.000976562	0.457529	-0.964168	0.400229	-0.134554	0.107138	-0.0446447
317	0.000976562	-1.67043	-1.56781	-0.38821	0.211292	0.304763	0.0789103
318	0.000976562	-0.34664	-1.12951	-1.73147	-0.0269794	0.183625	0.280957
319	0.000976562	-0.243793	1.232	-0.128511	-0.0180832	-0.132503	0.0104864
320	0.000976562	-0.753335	0.492637	1.7827	0.145476	-0.0160828	-0.224572
321	0.000976562	1.61889	-0.575184	0.380429	-0.226025	0.0546336	-0.0371541
322	0.000976562	1.4174	1.63132	1.36592	-0.186459	-0.18788	-0.180464
323	0.000976562	0.16764	2.37654	-0.518717	-0.0458356	-0.368835	0.0730591
324	0.000976562	0.482028	-2.03196	-0.34492	-0.104906	0.384821	0.147243
325	0.000976562	0.907834	-1.01806	1.33025	-0.0917037	0.218359	-0.112685
326	0.000976562	0.111	-1.84427	-0.425332	-0.0661596	0.284093	0.146429
327	0.000976562	-0.595641	0.247044	0.794792	0.0926502	-0.00632466	-0.0238213
328	0.000976562	1.68822	0.0732901	-0.510733	-0.258158	0.0194836	0.0954346
329	0.000976562	-0.679085	0.382806	0.845533	-0.100329	0.112374	-0.0644238
330	0.000976562	0.48407	-0.0381036	0.99692	-0.0684711	-0.0176488	-0.117162
331	0.000976562	1.60398	-0.00694572	-1.85538	-0.228034	-0.00298804	0.235743
332	0.000976562	1.77694	0.400268	1.26079	-0.260747	0.00143562	-0.00840388
333	0.000976562	1.01987	-0.427221	-0.467869	-0.172131	0.268503	0.0830385
334	0.000976562	-1.03221	-1.14372	0.301844	0.146767	0.228706	-0.150442
335	0.000976562	-1.14956	-0.0696179	1.49932	0.184639	0.0228286	-0.263152
336	0.000976562	-1.32271	-0.330695	0.489099	0.206889	0.0323543	-0.136275
337	0.000976562	-1.4059	-1.46777	1.08906	0.136554	0.208083	-0.261482
338	0.000976562	0.134829	0.925623	1.67513	-0.0617904	-0.102732	-0.17714
339	0.000976562	-1.46197	-0.755141	0.95515	0.0747838	0.163906	-0.228123
340	0.000976562	-0.570995	-2.18166	-0.365129	0.0434025	0.419287	0.00762619
341	0.000976562	2.0157	-0.462815	-0.901891	-0.313651	0.00218099	0.0624326
342	0.000976562	1.1011	-1.35882	-1.65484	-0.179578	0.256707	0.201248
343	0.000976562	-0.868887	1.64696	0.199248	0.145704	-0.224383	-0.0335319
344	0.000976562	-2.21707	-0.0774799	0.946009	0.367927	0.0584917	-0.111568
345	0.000976562	0.275811	0.382382	-1.38052	0.0493271	-0.0911902	0.180624
346	0.000976562	1.83359	0.390725	1.28853	-0.26667	-0.0627043	-0.0957182
347	0.000976562	-0.89633	-1.0908	-1.04271	0.183571	0.254189	0.197226
348	0.000976562	-0.878693	1.22408	0.354373	0.144995	-0.151354	-0.047114
349	0.000976562	-0.37374	-0.373716	2.138	0.0990181	0.0208769	-0.29994
350	0.000976562	0.84909	-1.95567	0.272365	-0.0871003	0.353829	0.0136584
351	0.000976562	0.614536	1.19729	-1.06535	-0.0427276	-0.147709	0.136135
352	0.000976562	1.84579	0.644351	0.192591	-0.177872	-0.163224	-0.0364156
353	0.000976562	-1.95373	0.264022	0.598644	0.188725	-0.0294934	-0.18915
354	0.000976562	2.30767	0.791432	0.102703	-0.429119	-0.0758418	-0.0166118
355	0.000976562	-0.810298	0.727499	0.571927	0.101569	-0.119332	-0.0400433
356	0.000976562	-0.558049	0.308929	0.917396	0.118305	-0.0687119	-0.0551571
357	0.000976562	2.16285	0.40792	0.546151	-0.34824	-0.0808569	-0.105363
358	0.000976562	-1.38664	-1.08142	1.49234	0.134395	0.171974	-0.216231
359	0.000976562	1.99151	0.403542	-1.08738	-0.321064	-0.133509	0.069192
360	0.000976562	-0.89245	1.95681	-0.098141	0.0567636	-0.432821	-0.0345835
361	0.000976562	-1.7546	-1.04366	-1.08188	0.329803	0.319855	0.178138
362	0.000976562	-1.08475	-0.59527	1.51025	0.157713	0.121674	-0.129001
363	0.000976562	-1.5092	1.80618	1.01861	0.195796	-0.227007	-0.11721
364	0.000976562	-0.683118	0.186167	0.223424	0.0776625	-0.0397725	-0.0293816
365	0.000976562	1.05088	0.163644	-1.90895	-0.166245	0.027031	0.34816
366	0.000976562	-1.05161	-0.919705	-0.835616	0.165659	0.365287	0.137569
367	0.000976562	-1.08357	0.482683	-0.291315	0.162334	-0.0428663	-0.0270462
368	0.000976562	-0.215679	0.87095	1.55489	-0.125711	-0.251903	-0.251957
369	0.000976562	0.191175	-0.967458	0.611503	0.114703	0.123736	-0.190154
370	0.000976562	-0.811993	1.11223	-0.0396643	0.0581908	-0.257271	0.0192493
371	0.000976562	1.65219	0.305023	0.993809	-0.205089	-0.0322069	-0.0690889
372	0.000976562	1.49586	0.905463	-0.377028	-0.15519	-0.151032	-0.0830793
373	0.000976562	-0.477602	2.07085	0.0174683	0.0453413	-0.278208	0.103915
374	0.000976562	0.621489	1.72986	0.366372	-0.0796111	-0.236735	-0.0186915
375	0.000976562	1.07651	0.0510185	-0.170176	-0.137878	-0.0372206	-0.0372067
376	0.000976562	-0.463476	-1.03572	0.000126629	-0.0178699	0.126023	-0.0147194
377	0.000976562	1.68267	-1.21346	-0.0147586	-0.217967	0.0538917	0.0631943
378	0.000976562	-1.34091	-0.824942	-1.39295	0.195015	0.102382	0.305614
379	0.000976562	-1.77834	-1.1735	-0.354914	0.257298	0.14595	0.0522928
380	0.000976562	-0.216926	-0.944303	1.89861	0.0329137	0.264083	-0.282784
381	0.000976562	-0.219684	-1.22521	-1.04389	0.0653899	0.260336	0.130776
382	0.000976562	1.43312	-0.953863	-0.68961	-0.156733	0.212297	0.0263933
383	0.000976562	-1.41247	-0.805707	-1.05635	0.282084	0.102019	0.192886
384	0.000976562	-0.715582	-1.98445	-0.598246	0.076092	0.221764	0.186642
385	0.000976562	2.10531	-0.982562	-0.55257	-0.226507	0.215158	0.137547
386	0.000976562	2.26691	1.14573	0.0870005	-0.2908	-0.209685	-0.015047
387	0.000976562	1.38546	-1.76199	-0.0831298	-0.2041	0.313369	0.0956868
388	0.000976562	-0.677962	-0.522701	2.23882	0.10295	0.086678	-0.318641
389	0.000976562	-1.17714	-0.0517641	1.63652	0.190819	0.0284837	-0.271387
390	0.000976562	1.58222	1.27669	-1.16258	-0.229784	-0.200525	0.0674183
391	0.000976562	-0.0161427	-1.4437	-1.64391	0.0105406	0.261245	0.139178
392	0.000976562	-0.42196	1.31831	0.0991832	-0.0394614	-0.118769	-0.0449074
393	0.000976562	0.402094	0.624457	2.28776	-0.00424657	-0.0704489	-0.349384
394	0.000976562	-1.36127	-0.785519	-1.06395	0.20081	0.0494692	0.224834
395	0.000976562	-0.96884	-0.434375	-1.94654	0.205335	0.0343068	0.355954
396	0.000976562	0.791129	-2.27028	-0.03483	-0.112227	0.347249	0.0357183
397	0.000976562	1.20662	1.09156	0.38764	-0.194109	-0.202679	-0.0515734
398	0.000976562	0.68661	-1.9324	0.406336	0.0572689	0.216805	-0.224021
399	0.000976562	-0.58258	1.88189	-0.804534	0.0763702	-0.277128	0.239226
400	0.000976562	0.503978	-0.318524	2.04661	0.0194051	0.00157786	-0.194794
401	0.000976562	-0.502631	0.398415	-2.42155	0.0230993	-0.0827885	0.307021
402	0.000976562	0.972247	-1.62125	-0.0888021	-0.0801883	0.242033	0.104623
403	0.000976562	0.687594	-1.06851	-1.94108	-0.0221291	0.178875	0.332731
404	0.000976562	-0.451581	0.503493	-2.37644	0.0738456	0.00161745	0.351454
405	0.000976562	0.326717	0.162565	1.51564	-0.0251265	0.0262046	-0.176677
406	0.000976562	-0.41577	0.447719	1.19377	0.0765289	0.0874554	-0.144536
407	0.000976562	2.05799	-0.647357	0.504698	-0.236423	-0.0138358	-0.0624612
408	0.000976562	-0.674432	0.927211	-0.119863	0.0336882	-0.109686	0.0333625
409	0.000976562	1.1035	1.1571	-1.5881	-0.131848	-0.183219	0.207345
410	0.000976562	0.922031	1.77871	-1.41173	-0.136444	-0.339576	0.147776
411	0.000976562	-1.04954	-1.71931	-0.840287	0.321562	0.191269	0.266654
412	0.000976562	-1.13113	1.35579	1.15287	0.22737	-0.179052	-0.181935
413	0.000976562	0.92474	-1.26252	1.8758	-0.065267	0.290197	-0.209958
414	0.000976562	2.27019	0.232971	0.719978	-0.340164	-0.0161921	-0.131782
415	0.000976562	-0.0691007	-1.07587	-1.1347	-0.0371469	0.0908321	0.0162955
416	0.000976562	1.7339	-0.0813339	-0.624544	-0.302289	0.0627357	0.120718
417	0.000976562	0.822934	0.459359	1.87111	-0.111745	-0.066641	-0.250119
418	0.000976562	-0.771701	0.546447	1.85775	0.1415	-0.161749	-0.314596
419	0.000976562	0.075377	-1.85229	1.61735	0.0198735	0.279534	-0.213598
420	0.000976562	1.7762	-0.633892	1.29097	-0.249546	0.115155	-0.182245
421	0.000976562	2.42746	0.216128	-0.138574	-0.353539	-0.00476594	0.0223476
422	0.000976562	-1.05242	-0.894257	-0.0486839	0.164997	0.146775	-0.14009
423	0.000976562	-1.20453	-0.489547	-0.349081	0.118099	-0.0239	-0.113404
424	0.000976562	-1.66591	-0.544592	1.12923	0.260331	0.160431	-0.246598
425	0.000976562	-0.534919	1.5302	1.04911	-0.120954	-0.289778	-0.170408
426	0.000976562	-0.922611	-0.763969	-0.513781	0.093248	0.0688865	0.0521207
427	0.000976562	-0.494978	-1.897	0.144178	0.0591688	0.394803	0.0441017
428	0.000976562	-0.372355	-1.19046	-1.77126	-0.0101922	0.0683521	0.259621
429	0.000976562	0.600514	1.45487	1.36391	-0.129078	-0.1504	-0.188012
430	0.000976562	-1.98546	0.973964	1.09784	0.33157	-0.153842	-0.146374
431	0.000976562	1.79335	0.359397	-0.129218	-0.527132	0.0824561	-0.0189596
432	0.000976562	-0.883427	1.97289	-0.0729358	0.229635	-0.202905	0.107301
433	0.000976562	0.362423	1.18008	1.68378	-0.115125	-0.137181	-0.319445
434	0.000976562	0.812859	1.22573	0.116544	-0.12342	-0.287842	-0.155327
435	0.000976562	-0.588134	0.412753	-0.998152	0.0449948	-0.114537	0.122121
436	0.000976562	0.22007	-0.886342	1.21998	-0.0224781	0.173529	-0.150141
437	0.000976562	-1.2876	-0.746292	-1.44439	0.2615	0.190745	0.25319
438	0.000976562	2.23336	0.820072	0.0778863	-0.273664	-0.0939695	-0.0353089
439	0.000976562	0.248681	-1.00055	0.589718	-0.0845766	-0.0486657	-0.0880471
440	0.000976562	-0.385844	-1.44734	0.756799	0.0627488	0.207437	-0.135049
441	0.000976562	-0.629204	1.46555	-0.381587	0.0913817	-0.227919	0.0924262
442	0.000976562	-0.0502416	1.49893	-0.256988	-0.0837152	-0.205352	0.0361296
443	0.000976562	2.25188	-0.52352	0.55995	-0.355003	0.0300248	-0.043219
444	0.000976562	1.32814	-1.59371	0.250093	-0.29006	0.0649683	-0.138622
445	0.000976562	1.15566	-0.578519	-0.358105	-0.242418	0.181943	0.0132878
446	0.000976562	0.386857	-0.0968535	1.30427	-0.0518888	0.0239294	-0.155642
447	0.000976562	-1.80608	0.939514	1.08781	0.146479	-0.0949184	-0.245678
448	0.000976562	0.45307	2.54917	0.0172357	-0.058695	-0.290807	0.00998899
449	0.000976562	-1.79417	0.970254	0.599239	0.269288	-0.150512	-0.00782624
450	0.000976562	0.445138	0.32229	2.1782	-0.0737407	-0.0132638	-0.328176
451	0.000976562	-1.21392	0.556227	0.700029	0.238537	-0.105576	-0.0301804
452	0.000976562	-1.30346	-0.0577018	-0.177158	0.209396	-0.0464733	-0.060604
453	0.000976562	-0.189393	1.61535	-0.243413	0.00892433	-0.2355	-0.00210674
454	0.000976562	1.33105	-1.53178	0.250863	0.0219688	0.276266	0.0553303
455	0.000976562	1.60227	-1.48182	-0.0665798	-0.250929	0.2739	0.105049
456	0.000976562	0.526076	-1.52304	1.29719	-0.0976153	0.212898	-0.175813
457	0.000976562	-0.810343	-1.86979	-0.362137	0.119838	0.25244	0.0177488
458	0.000976562	0.854117	-1.96453	-0.999988	-0.0788968	0.285302	0.107564
459	0.000976562	1.68163	0.814208	-1.42792	-0.242217	-0.0910715	0.233842
460	0.000976562	-1.83583	-0.198405	-0.329862	0.291849	-0.031186	0.040332
461	0.000976562	-1.6931	0.537245	0.212074	0.285735	-0.0668575	-0.0109004
462	0.000976562	-1.47798	0.579489	-0.854585	0.156455	-0.171244	0.0877557
463	0.000976562	-1.26203	0.0809367	-0.893496	0.163131	-0.0137394	0.162507
464	0.000976562	-1.1456	-0.579216	-1.11734	0.10993	0.0123719	0.165452
465	0.000976562	-1.47303	1.39052	-0.845387	0.180607	-0.214473	0.124505
466	0.000976562	-0.619619	1.87716	-0.658938	0.165389	-0.356205	-0.00374889
467	0.000976562	0.661794	0.12523	-1.77347	-0.105978	-0.0215974	0.27795
468	0.000976562	1.30247	0.895996	1.92715	-0.162202	-0.169221	-0.275366
469	0.000976562	-2.02293	-0.921261	0.84109	0.399112	0.0820186	-0.0920245
470	0.000976562	-0.28669	-0.265541	-1.0859	-0.0123672	0.0420612	0.169675
471	0.000976562	-0.625765	-1.00089	-1.72291	0.12381	0.102418	0.254382
472	0.000976562	0.992139	-0.800998	-1.69425	-0.197291	0.0975336	0.285067
473	0.000976562	-0.584359	0.285441	-1.78177	-0.030164	-0.00071678	0.246479
474	0.000976562	1.5683	0.044419	-1.28352	-0.249857	-0.00320351	0.216317
475	0.000976562	0.502135	1.53001	-0.939874	-0.0404522	-0.208755	0.0603669
476	0.000976562	-0.938628	-1.58827	-0.21721	0.173769	0.256086	0.0218966
477	0.000976562	-1.04175	0.991275	-0.491935	0.191255	-0.150727	0.0681789
478	0.000976562	-1.89681	-0.437769	-0.329587	0.322969	0.131195	-0.0378612
479	0.000976562	2.17554	-0.0408289	1.12194	-0.296096	0.0300006	-0.141223
480	0.000976562	-0.934098	-2.04879	-0.64438	0.273942	0.34858	0.235943
481	0.000976562	0.94128	-1.07809	1.90501	-0.118	0.135583	-0.244564
482	0.000976562	1.53668	-1.23548	-0.788376	-0.107433	0.395682	0.14424
483	0.000976562	1.52545	-1.24312	-0.780025	-0.344757	0.0929558	0.128516
484	0.000976562	-2.06398	0.501334	-0.504355	0.354337	-0.0226444	0.0737602
485	0.000976562	0.753692	-1.10221	2.0372	-0.0279676	0.162602	-0.305994
486	0.000976562	-1.83651	0.461262	-1.19768	0.287661	0.0741363	0.0708199
487	0.000976562	1.14746	-0.335631	-0.47049	-0.309055	0.108766	0.143067
488	0.000976562	-0.496456	1.49716	0.837521	0.0609469	-0.211466	-0.00551181
489	0.000976562	-0.709289	-0.0697106	-0.43908	0.0412503	0.011652	-0.0216795
490	0.000976562	-1.27973	0.256353	-0.911116	0.116862	-0.156312	0.120795
491	0.000976562	-1.6885	-0.253131	-0.0920655	0.232442	-0.00409513	-0.0597281
492	0.000976562	0.81236	1.26073	0.113405	-0.101648	-0.322266	0.205672
493	0.000976562	-1.45839	1.63828	0.239716	0.201145	-0.185885	-0.140913
494	0.000976562	-0.767995	-0.978966	-2.03936	0.105304	0.138059	0.332841
495	0.000976562	0.856706	1.85914	-0.881362	-0.0974942	-0.293853	0.0584507
496	0.000976562	1.9357	0.10973	0.628756	-0.278094	0.0231662	-0.0873633
497	0.000976562	-0.853217	1.46578	-0.567042	0.0767234	-0.286354	0.122574
498	0.000976562	-0.300421	1.56792	-0.157782	-0.0526395	-0.244458	0.0319408
499	0.000976562	-0.439339	0.980377	-1.35637	0.0431668	-0.156136	0.163518
500	0.000976562	-0.0532077	-1.13965	1.90907	0.105658	0.210042	-0.306957
501	0.000976562	-1.00074	2.23243	0.141717	0.220909	-0.380559	-0.118921
502	0.000976562	-0.83692	1.46941	1.0977	0.192172	-0.330647	-0.0823536
503	0.000976562	-0.369587	0.669124	1.42284	0.0394587	-0.190733	-0.254069
504	0.000976562	0.570943	-1.97149	0.462282	-0.0798431	0.193721	-0.0525335
505	0.000976562	-0.998673	-0.298357	-0.886095	0.100219	0.0445112	0.159279
506	0.000976562	-0.619421	1.08388	0.751594	-0.00989287	-0.12752	-0.0105025
507	0.000976562	-0.0613987	1.19366	-2.1372	0.0812067	-0.136252	0.332754
508	0.000976562	-1.40519	-1.71926	0.463589	0.186352	0.211883	-0.120438
509	0.000976562	1.06667	0.345101	-0.986198	0.000719029	-0.115012	0.00873625
510	0.000976562	1.63557	-1.02966	-1.17052	-0.266774	0.176817	0.184639
511	0.000976562	0.335091	-0.101392	-0.282355	-0.0210065	-0.0263755	0.0226726
512	0.000976562	-1.61204	0.140049	-1.06473	0.332175	-0.166578	0.253782
513	0.000976562	1.41127	-0.530793	0.535759	-0.179044	-0.0348559	-0.000952621
514	0.000976562	1.12662	-0.324737	-0.524476	-0.0579274	-0.089208	0.199393
515	0.000976562	-0.873799	1.45635	0.565446	0.157347	-0.222438	-0.0697341
516	0.000976562	1.38713	-0.372989	1.26108	-0.239268	0.0557584	-0.163146
517	0.000976562	-0.494073	-1.89595	0.087889	0.0590711	0.25409	-0.0986318
518	0.000976562	-0.069608	-1.00177	1.92305	0.0570057	0.162714	-0.243424
519	0.000976562	-0.721113	-2.04101	-0.564961	0.0307013	0.43846	0.080725
520	0.000976562	-0.392718	1.85618	1.53008	0.0371515	-0.269595	-0.191836
521	0.000976562	0.933635	2.18982	-0.0370883	-0.11156	-0.293609	-0.000460104
522	0.000976562	1.73752	1.56451	0.859722	-0.236931	-0.185629	-0.0936004
523	0.000976562	1.55519	0.859927	-0.395087	-0.15807	-0.216351	0.110302
524	0.000976562	-0.120911	0.47962	0.651387	0.0210134	0.0237362	-0.0118714
525	0.000976562	0.967092	-1.12087	1.88643	-0.221317	0.348264	-0.208239
526	0.000976562	0.462523	1.73146	-1.20915	-0.0372193	-0.239727	0.167248
527	0.000976562	0.358148	0.357498	-1.4168	-0.0747143	-0.0755932	0.26496
528	0.000976562	-0.861667	-0.165406	-2.24501	0.0881198	0.0130674	0.326812
529	0.000976562	1.35626	0.921445	1.79452	-0.129724	-0.247537	-0.39655
530	0.000976562	0.386112	0.395457	-1.03699	-0.00951107	-0.0889705	0.103748
531	0.000976562	0.545502	-1.17289	-1.68885	-0.140695	0.207127	0.165957
532	0.000976562	-0.655343	1.13381	0.802898	0.0234172	-0.105313	-0.0104564
533	0.000976562	-0.580312	0.495781	1.45091	0.0694779	0.0253299	-0.28272
534	0.000976562	-0.849185	0.561174	-1.73916	0.225718	-0.00435304	0.07483
535	0.000976562	-0.194308	-1.59842	-0.263737	-0.0786104	0.211916	-0.0679824
536	0.000976562	-0.619396	-0.313047	-1.21104	-0.0214979	0.00707947	0.22854
537	0.000976562	1.33066	1.10402	0.32976	-0.0895035	-0.193205	-0.0614553
538	0.000976562	0.28513	2.12002	1.13711	-0.175763	-0.398368	-0.196134
539	0.000976562	0.377589	0.554652	1.82	-0.0696369	-0.0897591	-0.274079
540	0.000976562	-0.575797	1.51402	0.852914	0.0693317	-0.231818	-0.0200342
541	0.000976562	1.0307	0.399915	-1.19967	-0.12487	0.017782	0.242815
542	0.000976562	-0.311114	0.850273	-1.92647	0.0692123	-0.13026	0.209411
543	0.000976562	-0.363992	-0.341948	0.177947	0.0220994	0.0662522	-0.0632622
544	0.000976562	0.199753	-0.702399	1.43673	0.023454	0.0845051	-0.168861
545	0.000976562	1.11491	-1.07789	-1.42257	-0.193814	0.206927	0.131346
546	0.000976562	0.422679	0.356025	1.5862	-0.112515	0.00345707	-0.21648
547	0.000976562	-0.754288	-0.920098	-0.897601	-0.00148854	0.186023	0.152722
548	0.000976562	-1.72121	-0.26318	-0.0979053	0.315469	0.022892	-0.0468927
549	0.000976562	1.73033	0.590312	1.32973	-0.191507	-0.223574	-0.129744
550	0.000976562	-0.152511	0.724139	1.30064	-0.0663053	-0.175892	-0.0666937
551	0.000976562	-0.640831	-2.15708	-0.519535	0.0675564	0.362597	0.135287
552	0.000976562	-0.512928	2.16461	0.286616	0.103698	-0.294235	-0.0881256
553	0.000976562	1.10761	2.01769	-0.273404	-0.0960558	-0.262194	0.0474288
554	0.000976562	2.02098	-0.547553	-1.02226	-0.302594	0.155006	0.168497
555	0.000976562	2.1014	-0.730279	0.648027	-0.334053	0.0716322	-0.212791
556	0.000976562	-1.11585	-1.77039	0.000683496	0.164949	0.361638	-0.0194753
557	0.000976562	1.11386	1.29772	-0.944286	0.00440774	-0.283069	0.0664669
558	0.000976562	0.276013	0.984494	-1.77227	-0.0649015	-0.120379	0.1775
559	0.000976562	-1.52434	-0.0405784	-1.63885	0.235931	-0.00725318	0.257551
560	0.000976562	-0.295709	1.92199	0.619054	0.0916359	-0.355913	-0.175462
561	0.000976562	-0.828928	1.07386	-0.0374	0.185098	-0.0549647	-0.0189944
562	0.000976562	0.232582	-0.996652	0.504838	-0.0769897	0.235907	-0.109824
563	0.000976562	-1.12665	-0.903815	-0.00271314	0.116069	0.119366	0.0431549
564	0.000976562	-1.99273	-0.323439	1.19763	0.245869	0.0946125	-0.11065
565	0.000976562	-1.165	-0.869206	-0.95097	0.262404	0.181048	0.289763
566	0.000976562	1.86916	-1.40995	0.299342	-0.292108	0.202783	-0.0757785
567	0.000976562	-1.9717	-0.585655	0.209405	0.316107	0.0783912	-0.0375395
568	0.000976562	-1.17614	0.796374	0.223035	0.163249	-0.109581	-0.0963624
569	0.000976562	1.14352	-0.667356	0.156034	-0.119365	0.0987931	-0.0939735
570	0.000976562	1.59366	1.64915	1.09195	-0.202191	-0.198111	-0.142649
571	0.000976562	0.162633	0.987718	-2.04069	-0.0695465	-0.0869891	0.30495
572	0.000976562	-0.291418	1.86568	0.553433	-0.107244	-0.259189	-0.0671439
573	0.000976562	-1.16343	0.213984	1.53764	0.205009	-0.0618631	-0.241514
574	0.000976562	-0.091647	-1.10794	-1.05115	-0.0842856	0.0662603	0.159335
575	0.000976562	1.03576	-0.344091	-0.637135	-0.216829	0.0604313	0.104103
576	0.000976562	2.00832	-0.657608	-1.02042	-0.306963	0.0285952	0.156242
577	0.000976562	0.39919	2.14469	1.14343	-0.09491	-0.368854	-0.138416
578	0.000976562	0.200172	1.06676	2.26213	-0.0478034	-0.133922	-0.336846
579	0.000976562	-0.732909	-0.751984	0.0705465	0.0135968	0.069146	-0.0221381
580	0.000976562	0.957661	0.386421	1.15279	-0.112506	-0.0538962	-0.136111
581	0.000976562	-0.600972	1.90126	-1.6346	0.0768846	-0.237837	0.184027
582	0.000976562	-0.879319	1.4124	-0.688554	0.162841	-0.202389	0.221162
583	0.000976562	0.968277	-0.950464	-1.7392	-0.0293125	0.278787	0.0348486
584	0.000976562	-0.847811	1.84143	-0.149342	0.19341	-0.317163	0.0240014
585	0.000976562	1.38638	-1.48788	0.296145	-0.075959	-0.0572434	-0.241652
586	0.000976562	-1.16352	-0.193011	-0.533114	0.164812	-0.0783316	-0.0326298
587	0.000976562	1.37931	0.171675	1.73949	-0.136472	-0.0185213	-0.220137
588	0.000976562	-0.271029	-0.1293	-0.00523082	-0.0227179	0.00750483	0.0198842
589	0.000976562	-0.818541	-1.28403	-0.437589	0.105193	0.159706	0.11318
590	0.000976562	-1.45657	1.20225	1.64839	0.243132	-0.1052	-0.238153
591	0.000976562	0.487005	-0.071757	-1.50289	0.000286543	0.066344	0.204394
592	0.000976562	-0.635714	0.341611	0.853201	-0.0534564	-0.032133	-0.231692
593	0.000976562	-1.34086	1.38576	-0.097669	0.273057	-0.181141	-0.0176005
594	0.000976562	-0.435188	1.69887	-0.290425	0.0427413	-0.274815	0.0956867
595	0.000976562	1.09067	0.294875	-1.88162	-0.144083	-0.13406	0.276928
596	0.000976562	1.11852	1.14339	-1.88543	-0.139728	-0.112192	0.295413
597	0.000976562	0.337119	-0.750939	-0.218086	-0.0292436	0.119144	0.0148814
598	0.000976562	0.766191	0.321833	-1.61661	-0.0901795	-0.0896374	0.246762
599	0.000976562	1.45945	-0.655548	-1.04962	-0.199686	0.0437723	0.0812327
600	0.000976562	-1.03461	-0.937213	-0.803692	0.136213	0.0798281	0.0109604
601	0.000976562	1.03147	-1.20892	-0.870905	-0.107465	0.202506	0.121676
602	0.000976562	-1.97872	0.299365	0.523524	0.34151	-0.0532799	0.0094151
603	0.000976562	-0.855868	1.70536	1.42011	0.182748	-0.230368	-0.19269
604	0.000976562	0.376665	-1.74215	1.00879	-0.0587476	0.228413	-0.128263
605	0.000976562	1.39362	-0.939475	0.603375	-0.173502	0.142335	-0.0681671
606	0.000976562	0.860705	0.56713	-1.7515	-0.100961	-0.132908	0.276541
607	0.000976562	-1.84533	0.51454	-1.14199	0.331094	-0.196191	0.218729
608	0.000976562	-0.927363	-0.426838	-1.91313	0.00211515	0.032032	0.250559
609	0.000976562	1.05721	-0.44948	-0.652734	-0.313546	-0.0495534	-0.0884839
610	0.000976562	1.4167	0.165612	0.841139	-0.192595	-0.0133402	-0.0887284
611	0.000976562	0.250698	1.07164	-2.06405	-0.125722	-0.199035	0.261549
612	0.000976562	-0.60411	-1.55204	-1.26471	0.0871715	0.27127	0.197637
613	0.000976562	0.986808	-0.892974	-1.87811	-0.155243	0.191348	0.246228
614	0.000976562	-1.79299	0.420242	-1.26264	0.19166	-0.0593168	0.368819
615	0.000976562	-0.275526	1.88252	-0.962543	0.0146772	-0.274609	0.154411
616	0.000976562	0.889299	-0.370077	-2.05535	-0.174611	-0.0704622	0.233709
617	0.000976562	1.72842	0.355431	1.34005	-0.174288	-0.000639527	-0.255456
618	0.000976562	-0.452992	-1.95958	-0.424968	-0.00511036	0.284243	0.104322
619	0.000976562	0.210078	2.06977	-1.05927	-0.00779304	-0.297709	0.116366
620	0.000976562	-0.975935	0.711791	0.0196809	0.115357	-0.0828059	-0.0109637
621	0.000976562	-1.48611	-1.68782	-0.0771076	0.236331	0.270292	-0.0161234
622	0.000976562	1.77751	0.570796	1.33843	-0.248791	-0.366077	-0.273423
623	0.000976562	-1.85478	1.10527	-0.535101	0.224819	-0.178296	0.0238319
624	0.000976562	-0.758903	1.47589	1.02367	0.186337	-0.231305	-0.154464
625	0.000976562	0.720315	0.858974	0.652913	-0.0757047	-0.163926	-0.0410315
626	0.000976562	0.725992	0.619266	0.206373	-0.125783	-0.154735	0.00421067
627	0.000976562	1.20535	-0.582261	-0.17846	-0.249131	0.100396	-0.017391
628	0.000976562	-0.4897	-1.33998	-0.864847	0.0680495	0.242475	0.140904
629	0.000976562	-2.20882	-0.822938	-0.553291	0.323528	0.112064	0.0686865
630	0.000976562	-1.32627	-0.737169	-1.64372	0.214887	0.0688776	0.352602
631	0.000976562	0.993654	-0.869786	-1.75145	-0.132426	0.0760789	0.363492
632	0.000976562	-1.65294	-0.393178	0.972355	0.256321	0.00646925	-0.135074
633	0.000976562	-1.60278	0.84032	-1.05739	0.191482	-0.200847	0.194832
634	0.000976562	1.97567	0.378462	-1.11477	-0.326747	-0.127697	0.0545948
635	0.000976562	-1.50023	0.307478	0.884647	0.215781	0.124123	-0.0978703
636	0.000976562	1.33936	-1.54573	0.208999	0.00833558	0.289752	0.111006
637	0.000976562	-0.310193	-1.42934	0.224286	0.048812	0.178001	-0.071307
638	0.000976562	-1.11061	0.196512	-1.45453	0.159295	-0.0589291	0.243758
639	0.000976562	2.04058	-0.720791	0.555219	-0.24727	0.1472	-0.0808593
640	0.000976562	-1.84657	0.469297	-1.18274	0.315295	-0.398347	0.195819
641	0.000976562	2.21972	-0.54873	0.411514	-0.373172	0.0263008	-0.0744964
642	0.000976562	1.32056	-0.0610825	1.66924	-0.133162	0.10147	-0.252714
643	0.000976562	0.915531	0.275824	1.53106	-0.148563	-0.00731305	-0.190881
644	0.000976562	0.861076	-1.51436	-1.3882	-0.0837208	0.272327	0.211438
645	0.000976562	1.9189	-0.902889	-0.181635	-0.177411	-0.0278048	0.112008
646	0.000976562	0.217798	0.92115	-1.10604	-0.0628051	-0.0868581	0.147828
647	0.000976562	-0.524422	-1.49467	-0.387143	0.0146631	0.202476	0.0657112
648	0.000976562	0.748072	2.3044	0.882046	-0.129793	-0.305662	-0.0735079
649	0.000976562	0.156758	-0.462198	-1.923	-0.00054532	-0.027618	0.313621
650	0.000976562	-0.167554	-1.65255	0.333826	-0.0295971	0.250092	-0.120617
651	0.000976562	0.250684	-1.26736	-1.85355	-0.0735239	0.179488	0.301164
652	0.000976562	1.43926	-1.46434	0.125525	-0.209144	0.121661	0.11297
653	0.000976562	0.137331	-1.40826	-0.0435791	-0.018081	0.173973	-0.00291766
654	0.000976562	-0.471556	2.07736	0.0315901	-0.033679	-0.360363	-0.0756764
655	0.000976562	-0.325786	-0.893819	-2.08939	0.0545096	0.0969613	0.326268
656	0.000976562	-0.874002	0.602829	1.2072	0.190068	-0.0621043	-0.340011
657	0.000976562	0.215726	1.32942	-1.76971	-0.02684	-0.205057	0.195413
658	0.000976562	0.52378	1.89236	-1.4081	0.0215844	-0.347991	0.208311
659	0.000976562	-1.42248	1.24694	1.62193	0.12426	-0.245166	-0.165792
660	0.000976562	-1.25375	-0.753356	0.591999	0.180402	0.135963	-0.150404
661	0.000976562	-0.577517	0.707899	-0.0410518	0.0145652	-0.0706885	-0.0181074
662	0.000976562	0.57874	0.582344	-0.209165	-0.0677662	-0.115565	0.062246
663	0.000976562	-0.249313	1.88105	0.568139	0.082647	-0.169985	0.0158503
664	0.000976562	0.901522	-1.48644	-1.25765	-0.116275	0.226875	0.106556
665	0.000976562	-0.824813	-0.869792	-0.839106	0.0548506	0.0492932	0.116021
666	0.000976562	0.496676	-0.83037	1.36899	-0.0846053	0.148473	-0.175667
667	0.000976562	-1.98968	-0.9311	0.936661	0.25861	0.152098	-0.216217
668	0.000976562	0.446421	-1.88604	-0.331959	-0.108252	0.227342	0.137802
669	0.000976562	-0.776079	0.733436	-1.78929	0.337962	-0.177626	0.321683
670	0.000976562	0.894579	-0.0943128	-1.10154	-0.105576	-0.0211823	0.188008
671	0.000976562	-0.887616	0.118869	1.00519	0.139977	0.0226294	-0.149211
672	0.000976562	-0.0389457	1.67742	-0.571436	-0.0325515	-0.270092	0.114595
673	0.000976562	-1.19872	-0.480884	-0.345352	0.305047	0.180866	0.0775987
674	0.000976562	-1.88386	0.652778	-0.488053	0.292799	-0.137353	0.00341843
675	0.000976562	1.80474	-1.14545	0.0130381	-0.437783	0.118121	-0.00170305
676	0.000976562	1.02618	0.386015	-0.970064	-0.181991	0.0422329	0.0406397
677	0.000976562	0.0234363	0.0727858	-2.02312	0.00301605	-0.00881941	0.300488
678	0.000976562	-0.673511	0.364251	-2.03968	0.100764	-0.0348867	0.363665
679	0.000976562	-0.459938	-1.14751	-1.59292	0.176697	0.242102	0.16811
680	0.000976562	-0.570908	-1.85863	-0.639336	-0.00990429	0.24427	0.188513
681	0.000976562	-0.997385	-0.895758	0.294332	0.103312	0.237909	-0.0700643
682	0.000976562	-0.46636	-1.91249	0.138286	0.148893	0.25457	-0.298025
683	0.000976562	0.578893	1.75648	-1.29747	-0.0895295	-0.249099	0.262164
684	0.000976562	0.0378679	2.19399	0.906651	0.0912458	-0.320412	-0.0345837
685	0.000976562	1.01464	0.393927	-1.10886	0.07281	0.0174443	0.197696
686	0.000976562	1.23584	0.358644	-0.825829	-0.0924113	-0.204582	0.0261973
687	0.000976562	0.679705	0.0898674	-1.30771	-0.0459797	0.0059403	0.204223
688	0.000976562	1.83872	-0.370676	-1.12903	-0.26538	6.24476e-05	0.184677
689	0.000976562	2.29338	0.0423973	0.37174	-0.342497	0.0196954	-0.0306912
690	0.000976562	0.924924	-1.09062	0.746323	-0.114377	0.170424	-0.112902
691	0.000976562	-0.0876248	-0.462127	2.20547	0.0363421	-0.0234386	-0.194478
692	0.000976562	0.865344	-1.04292	-0.387185	-0.0896202	0.187557	0.0363539
693	0.000976562	0.485829	-1.40811	-0.181519	-0.00418178	0.225712	0.155161
694	0.000976562	-0.523188	-0.736875	0.722096	0.0280621	0.159214	-0.160405
695	0.000976562	-0.368965	-1.90034	-1.45744	0.0273751	0.291259	0.172142
696	0.000976562	0.618152	-1.96621	0.449563	0.0406195	0.295738	-0.152648
697	0.000976562	1.77441	-1.13813	0.0129617	-0.0851618	0.377603	5.44877e-05
698	0.000976562	1.71671	0.355623	-0.192166	-0.105304	-0.178249	0.0634069
699	0.000976562	0.217538	1.08047	-0.405196	-0.101759	-0.171093	0.0949222
700	0.000976562	-1.86491	1.17269	-0.960834	0.249323	-0.159828	0.155809
701	0.000976562	-0.772564	0.718423	-1.79675	0.0352363	-0.0449397	0.106613
702	0.000976562	1.69158	0.365922	-0.172561	-0.180017	-0.192462	0.425263
703	0.000976562	0.303377	1.7478	1.12457	0.0494188	-0.189294	-0.166749
704	0.000976562	0.046767	0.0264891	2.01567	-0.0526826	0.0495246	-0.282977
705	0.000976562	1.04192	0.442347	-1.18324	-0.191373	-0.128337	0.271967
706	0.000976562	-0.969168	0.56237	-1.08187	0.18541	-0.148012	0.195048
707	0.000976562	-0.0253465	-0.805886	0.0535013	-0.0235619	0.0955528	-0.0108115
708	0.000976562	-1.36754	-1.52903	1.22609	0.147918	0.202894	-0.207202
709	0.000976562	-0.507762	-1.26515	1.82244	0.121555	0.194252	-0.236803
710	0.000976562	-0.447649	-1.94131	1.02526	0.0992197	0.203702	-0.167756
711	0.000976562	-1.1562	0.509172	0.687447	-0.00553196	0.103462	-0.0667465
712	0.000976562	2.21754	1.1261	-0.19107	-0.272273	-0.179067	0.0779032
713	0.000976562	1.06214	-0.34217	-0.601178	-0.237088	-0.198572	-0.0418955
714	0.000976562	-1.61417	0.151469	-1.06421	0.372753	0.118898	0.34307
715	0.000976562	0.75935	-0.352336	1.9647	-0.0559453	0.0978755	-0.105836
716	0.000976562	1.41835	-1.54552	0.304328	-0.286269	0.346209	-0.239241
717	0.000976562	1.04784	0.176093	-1.85117	-0.16613	0.00765719	0.183644
718	0.000976562	0.00113982	-0.28533	-0.861854	-0.019245	0.036182	0.126345
719	0.000976562	0.420184	-0.846709	-1.37523	-0.0571656	0.0974291	0.141825
720	0.000976562	1.1664	-1.35306	1.60437	-0.18225	0.214188	-0.163658
721	0.000976562	0.0941842	-1.19324	-1.72825	-0.0105101	0.142882	0.206462
722	0.000976562	1.96784	-0.971615	-0.174831	-0.278654	0.0598026	-0.0479287
723	0.000976562	-0.348571	-0.22088	1.31613	0.0296003	0.0744588	-0.199671
724	0.000976562	-1.49707	0.296781	0.87862	0.257472	-0.177402	-0.183149
725	0.000976562	1.06096	1.18598	-0.933288	-0.101548	-0.21937	0.049548
726	0.000976562	-0.190364	0.446834	-1.05131	-0.00957697	-0.123473	0.119845
727	0.000976562	0.375355	0.483998	1.55221	0.0645857	-0.0749332	-0.157703
728	0.000976562	-0.0715136	0.541731	0.646553	-0.0467242	-0.0988606	-0.114819
729	0.000976562	-0.218777	0.870887	1.52302	0.0869654	-0.123239	-0.176827
730	0.000976562	1.13651	1.53498	0.715298	-0.151753	-0.215324	-0.0756987
731	0.000976562	0.627246	0.0321213	-1.3426	-0.0671646	-0.0154747	0.181213
732	0.000976562	0.180037	-2.10946	0.244752	-0.0282208	0.303648	-0.0613146
733	0.000976562	0.89159	-0.387256	-0.430599	0.11098	0.0941788	-0.0391196
734	0.000976562	-0.718629	0.0109578	-0.685216	0.139035	0.00108498	-0.00250006
735	0.000976562	0.698713	-0.363757	1.99827	-0.141127	-0.0219165	-0.284431
736	0.000976562	-0.765476	1.0509	-0.489677	0.0278977	-0.126742	0.0734471
737	0.000976562	2.03354	0.162078	0.522752	-0.258048	0.0403334	-0.110221
738	0.000976562	-0.902107	-0.908881	-1.8396	0.143785	0.144145	0.265284
739	0.000976562	0.310452	-1.94627	-0.171896	0.0751263	0.34835	0.133971
740	0.000976562	-0.75046	1.53387	-0.599404	0.163776	-0.206512	0.116824
741	0.000976562	0.430881	-1.90558	-0.0521309	-0.113052	0.195997	-0.0829461
742	0.000976562	-1.07315	1.30931	0.772607	0.227442	-0.17734	-0.0988899
743	0.000976562	-0.472017	1.31175	-1.79941	0.0296274	-0.15324	0.37097
744	0.000976562	1.20335	0.427595	-0.85178	-0.185419	-0.133414	0.0701081
745	0.000976562	-2.22008	-0.268008	-0.411731	0.374312	0.0530486	0.0783761
746	0.000976562	-0.376313	-1.13059	-1.68994	0.0940826	0.144402	0.0738031
747	0.000976562	0.417507	-0.376941	1.26435	-0.073614	0.0666276	-0.140598
748	0.000976562	2.01637	-0.935657	0.681143	-0.309465	0.162247	-0.163849
749	0.000976562	-0.380233	-2.21976	0.607945	0.057647	0.318034	-0.0605372
750	0.000976562	-2.00449	0.65752	0.0888111	0.311876	-0.125327	-0.0553956
751	0.000976562	0.968187	0.388286	-1.05022	-0.0971448	-0.129706	0.141681
752	0.000976562	-1.53237	0.438519	0.190728	0.194362	-0.0304468	-0.0167957
753	0.000976562	-0.516722	1.53324	1.04516	0.131123	-0.227943	-0.311846
754	0.000976562	0.960363	0.027643	-2.27915	-0.12389	-0.0390113	0.322107
755	0.000976562	-0.5014	0.099266	-0.262516	-0.00400882	-0.0617923	0.013958
756	0.000976562	-1.61753	0.537035	-0.865086	0.345422	-0.168516	0.115156
757	0.000976562	-0.255769	-1.77792	1.21089	0.0383134	0.222501	-0.196219
758	0.000976562	0.850636	-1.01402	-1.26965	-0.0889811	0.15663	0.107904
759	0.000976562	-1.61992	1.53713	-0.292877	0.249609	-0.241432	0.0495784
760	0.000976562	0.457474	1.584	-1.92661	-0.0477048	-0.209919	0.244937
761	0.000976562	0.878448	-0.755033	1.0891	-0.113129	0.126906	-0.0700296
762	0.000976562	1.11704	-0.0134692	-0.925359	-0.223908	0.0597001	0.23948
763	0.000976562	-0.148286	0.965992	1.94553	0.0654784	-0.0675076	-0.286373
764	0.000976562	0.471051	-1.41842	-0.186838	-0.146531	0.152844	-0.105749
765	0.000976562	0.820186	-1.45524	1.19079	-0.136653	0.216494	-0.148061
766	0.000976562	1.37273	0.142959	1.6211	-0.138865	-0.0766776	-0.327926
767	0.000976562	-1.30153	0.259459	1.98521	0.24675	-0.0222066	-0.275232
768	0.000976562	1.09437	1.609	-1.48419	-0.219839	-0.266576	0.113181
769	0.000976562	0.307171	-0.873095	0.716992	-0.10568	0.0687869	-0.187696
770	0.000976562	0.0162777	0.592067	0.648446	-0.118015	-0.172921	-0.0437935
771	0.000976562	0.489799	-1.35798	-0.320619	-0.0859289	0.146462	0.156063
772	0.000976562	-0.557789	1.39301	-0.318411	0.0135259	-0.13047	0.0542958
773	0.000976562	1.23159	1.59545	-0.681666	-0.193298	-0.180406	0.0117408
774	0.000976562	0.17395	-1.63415	1.74397	-0.0271331	0.235781	-0.27638
775	0.000976562	0.689086	-2.05998	0.540453	-0.0375707	0.389138	-0.236468
776	0.000976562	0.813978	0.648103	0.624497	-0.132847	-0.0548603	-0.124515
777	0.000976562	1.39183	-1.05935	-0.61058	-0.214239	0.0680005	0.135713
778	0.000976562	-1.3677	-0.232458	-0.537548	0.304156	-0.0394225	-0.0217152
779	0.000976562	0.22098	-1.46217	-0.870026	-0.0820239	0.247673	0.119964
780	0.000976562	1.74054	0.365026	-0.10229	-0.106119	-0.155981	-0.330779
781	0.000976562	0.407629	-0.499967	-0.745045	-0.106958	-0.0305944	0.0823254
782	0.000976562	1.98525	0.432043	-1.0178	-0.311303	0.0511934	0.313543
783	0.000976562	-0.0740852	-1.22892	-1.12653	-0.117664	0.225589	0.303177
784	0.000976562	-0.918791	-0.353393	1.45063	0.0906808	0.0902672	-0.223409
785	0.000976562	1.81833	0.51036	0.205356	-0.194968	-0.0326489	-0.169975
786	0.000976562	-1.32228	-0.191099	0.401627	0.206803	-0.059562	-0.0582721
787	0.000976562	0.585721	-0.203781	0.873241	-0.107383	0.0512248	-0.101598
788	0.000976562	1.41568	2.03944	-0.27456	-0.215784	-0.213656	0.00286538
789	0.000976562	0.774679	-0.528634	2.03816	-0.083419	0.0781349	-0.343759
790	0.000976562	-0.115177	-0.44765	2.10483	-0.00879642	0.0309271	-0.325708
791	0.000976562	-0.290234	-0.729793	0.431998	-0.00724275	0.0797505	-0.0716961
792	0.000976562	-0.389384	-0.902011	-1.05042	0.0720697	0.0789269	0.176794
793	0.000976562	-1.903	1.13464	0.737862	0.301972	-0.224219	-0.0861441
794	0.000976562	1.71594	0.348031	-0.192737	-0.566063	0.254471	-0.00802647
795	0.000976562	0.134926	0.899331	-2.00813	-0.026311	0.0126047	0.213486
796	0.000976562	-1.09865	0.277796	1.92757	0.17352	-0.008589	-0.254681
797	0.000976562	-0.112757	0.578183	-2.21124	-0.0175602	-0.0300665	0.317863
798	0.000976562	-0.77367	0.173925	-1.77157	0.139429	0.0289069	0.276369
799	0.000976562	-1.93988	-0.930271	0.781571	0.200491	0.253283	0.000433055
800	0.000976562	-1.23148	-0.713379	-1.15709	0.352229	0.130497	0.128362
801	0.000976562	0.368535	-0.825993	-1.70245	-0.0485003	0.0857761	0.21698
802	0.000976562	-0.0966281	0.0758411	1.39688	-0.00487467	0.0376314	-0.193406
803	0.000976562	0.170933	-1.517	1.59875	-0.00585255	0.170411	-0.206702
804	0.000976562	-0.795614	0.689372	-1.76001	-0.1174	-0.260641	0.174553
805	0.000976562	0.113139	0.209245	2.03088	-0.031785	-0.0702466	-0.306535
806	0.000976562	-1.2071	1.62519	-1.30669	0.0870296	-0.145938	0.0379922
807	0.000976562	0.596937	-1.96964	1.04525	-0.0884729	0.266239	-0.179937
808	0.000976562	-0.119145	-1.1718	1.94401	0.103206	0.145686	-0.232663
809	0.000976562	0.834287	-2.15369	0.791117	-0.150787	0.284858	-0.171812
810	0.000976562	-0.844453	0.579467	-1.7503	0.145109	-0.00759229	0.384882
811	0.000976562	-0.196558	0.65211	1.37134	-0.072464	-0.0357155	-0.184397
812	0.000976562	0.260351	1.09627	1.79365	-0.058325	-0.131656	-0.265224
813	0.000976562	-1.66521	-0.394648	0.786998	0.254002	0.000896228	-0.0499799
814	0.000976562	0.785605	-0.455951	-0.466339	-0.130537	0.168306	0.00149117
815	0.000976562	1.82533	-1.09297	0.567841	-0.224811	0.162515	-0.0905744
816	0.000976562	0.846017	-0.557685	-1.55516	-0.0487955	0.0726519	0.149309
817	0.000976562	0.361543	1.38953	1.03128	-0.0437662	-0.132228	-0.0998022
818	0.000976562	1.85568	-1.18474	0.0320118	-0.307387	0.0968356	0.0101833
819	0.000976562	-0.0322163	-0.837504	0.893932	0.0218795	0.118199	-0.165369
820	0.000976562	-0.616233	0.577263	-0.362062	0.0307478	-0.0946037	0.060297
821	0.000976562	1.40653	1.27557	0.952752	-0.180932	-0.154765	-0.133542
822	0.000976562	0.730074	1.90195	0.881972	-0.161432	-0.261057	-0.0582693
823	0.000976562	1.39798	-0.914143	-1.21237	-0.190577	0.153306	0.170982
824	0.000976562	0.782327	0.37746	0.0381197	-0.153468	-0.047808	0.000789252
825	0.000976562	-1.56011	-1.27225	0.215057	0.264892	0.198074	-0.0653391
826	0.000976562	-0.452737	2.29274	0.285306	0.0551022	-0.400941	-0.0275827
827	0.000976562	-1.15175	-0.668541	1.70974	0.146798	0.134338	-0.306028
828	0.000976562	1.18615	-0.929848	1.94024	-0.357393	0.0904087	-0.255316
829	0.000976562	-2.16824	0.00125647	0.843079	0.314027	-0.0271601	-0.0540444
830	0.000976562	-0.121846	-0.860796	-0.43171	-0.0261469	0.114996	0.0477194
831	0.000976562	-1.90326	-0.749321	0.907966	0.375879	0.228024	-0.122842
832	0.000976562	1.79106	-0.878949	0.689062	-0.194785	0.0866937	-0.166462
833	0.000976562	-0.213931	-2.11058	-0.403796	-0.0441765	0.371685	0.100689
834	0.000976562	-0.857803	-1.25328	-0.57778	0.104114	0.202275	0.111323
835	0.000976562	-0.977203	-0.558973	2.1284	0.0353372	0.0989847	-0.285549
836	0.000976562	-0.454596	1.31472	-1.89204	0.113918	-0.247571	0.158801
837	0.000976562	0.124632	-0.0212226	0.398988	-0.0666407	-0.0439265	-0.119829
838	0.000976562	0.815623	1.74233	-1.38498	-0.0998987	-0.296387	0.137175
839	0.000976562	-0.482619	-2.17579	0.593155	0.172343	0.286545	-0.107677
840	0.000976562	0.477549	-1.39709	0.07887	-0.0848994	0.189474	-0.0778234
841	0.000976562	0.708363	0.876033	0.538987	-0.0791213	-0.148966	-0.159707
842	0.000976562	-1.54677	-1.33938	-1.30384	0.22116	0.249042	0.172304
843	0.000976562	1.1989	0.0960311	0.883583	-0.146532	0.0239753	-0.103819
844	0.000976562	1.801	0.371418	-0.193751	-0.121261	-0.196644	-0.0341716
845	0.000976562	-0.570351	0.249599	-1.71961	0.0398523	-0.0471669	0.28944
846	0.000976562	1.24863	-0.477831	1.25841	-0.148185	0.246744	-0.125267
847	0.000976562	1.20869	-0.93795	1.92978	-0.0771643	0.110896	-0.228592
848	0.000976562	-1.78832	-0.661131	0.746427	0.253371	0.0519697	-0.0483143
849	0.000976562	-1.02446	-1.0845	-0.280165	0.204586	0.245743	0.050771
850	0.000976562	-0.559872	0.0987927	-1.41877	0.0465774	-0.0100029	0.218842
851	0.000976562	-0.0323005	1.58156	1.93679	-0.00121983	-0.260635	-0.261877
852	0.000976562	0.990505	-1.1235	1.89728	-0.0668066	-0.033787	-0.231127
853	0.000976562	-0.313436	-1.08107	-1.70365	0.0941301	0.244419	0.437194
854	0.000976562	0.802946	-0.406344	2.25801	-0.133573	0.0260472	-0.38369
855	0.000976562	0.156395	-0.622863	-1.75923	0.00283279	-0.0105121	0.168019
856	0.000976562	1.01766	0.395065	-1.14692	-0.286048	-0.237304	0.364316
857	0.000976562	-1.11398	-1.2507	-0.0192451	0.309124	0.30464	0.016745
858	0.000976562	0.610352	1.58741	1.31595	-0.0545279	-0.281237	-0.033973
859	0.000976562	-2.33188	0.458667	-0.312068	0.387973	-0.0131741	0.037639
860	0.000976562	-1.24352	0.201206	-2.00355	0.172516	-0.0442182	0.298073
861	0.000976562	0.951658	-0.814775	-1.8243	-0.340187	-0.0815321	0.0967806
862	0.000976562	1.15337	-0.0748196	-1.01169	-0.198062	-0.0144978	0.140141
863	0.000976562	-1.0185	-0.56832	2.11889	0.272003	0.0785978	-0.27134
864	0.000976562	0.380977	-0.592714	1.50149	-0.075502	0.0847107	-0.219515
865	0.000976562	1.58701	-0.330785	1.03118	-0.238281	0.0574617	-0.11484
866	0.000976562	-1.40448	-1.60181	0.941768	0.119876	0.307237	-0.162195
867	0.000976562	-1.438	-1.20287	-1.46476	0.177133	0.228781	0.247035
868	0.000976562	-0.529553	2.37617	-0.651412	0.050656	-0.312244	0.100515
869	0.000976562	-0.943577	-2.04958	-0.656144	0.0726232	0.331953	0.0510086
870	0.000976562	-1.76919	-1.082	-1.09394	0.264686	0.110998	0.130293
871	0.000976562	1.75694	1.42952	0.326486	-0.258071	-0.334482	-0.156505
872	0.000976562	-1.0053	-0.835385	0.321134	0.199158	0.117076	-0.19175
873	0.000976562	1.21447	-0.584109	-0.0763674	-0.170778	0.036903	-0.125316
874	0.000976562	2.06347	0.831042	0.123531	-0.209581	-0.177539	-0.048168
875	0.000976562	-0.745591	1.30623	1.02163	0.119512	-0.0699223	-0.155657
876	0.000976562	1.48698	1.01802	0.462861	-0.195049	-0.164584	-0.170639
877	0.000976562	-0.130559	-1.42694	0.292258	-0.0445683	0.177786	-0.0926857
878	0.000976562	0.660815	-1.94057	0.425923	-0.155014	0.155677	0.0909087
879	0.000976562	0.180725	-1.6872	1.41911	-0.0280464	0.270202	-0.181954
880	0.000976562	0.0116675	1.15754	-0.499674	0.0252323	-0.195175	0.0853239
881	0.000976562	1.0586	1.00864	0.329249	-0.107841	-0.11621	-0.0340879
882	0.000976562	1.8047	0.480782	0.339744	-0.188197	-0.0436657	-0.0407358
883	0.000976562	-0.976033	2.18411	0.117872	0.10302	-0.30718	0.0232403
884	0.000976562	-0.638976	0.341524	-1.86531	0.0197762	-0.0153747	0.247002
885	0.000976562	-1.13328	-0.864337	-0.0594145	0.316307	0.0885679	-0.0288916
886	0.000976562	1.00598	-0.914007	-1.90974	-0.176012	0.296875	0.494561
887	0.000976562	0.250439	1.80389	-0.410751	-0.0809598	-0.277478	0.0526563
888	0.000976562	-0.0964412	-0.993604	1.64532	0.0287867	0.143343	-0.142294
889	0.000976562	0.957678	0.148647	1.58262	-0.125565	-0.0747442	-0.160866
890	0.000976562	-0.685589	1.20135	0.9229	0.123147	-0.130246	-0.190049
891	0.000976562	1.27727	0.346872	0.984735	-0.15171	-0.0953283	-0.117783
892	0.000976562	1.20931	-0.0205835	-0.734959	-0.228881	-0.0389502	0.0805016
893	0.000976562	1.41584	-0.504188	0.504567	-0.136827	0.114682	-0.189911
894	0.000976562	-1.17992	1.5585	0.314971	0.19602	-0.206703	-0.0685619
895	0.000976562	1.34291	0.909398	1.80573	-0.238143	-0.0522538	-0.0277845
896	0.000976562	0.886339	-0.137165	-1.09393	-0.0756644	0.126725	0.16092
897	0.000976562	-0.340302	-1.33563	0.970257	0.0505375	0.171977	-0.185305
898	0.000976562	-1.97608	0.401384	-0.28482	0.264528	-0.011886	-0.00517867
899	0.000976562	1.44257	0.680566	-1.08033	-0.256528	-0.092583	0.172215
900	0.000976562	-0.498615	-1.95152	-0.0593259	0.170553	0.331367	0.108582
901	0.000976562	-1.5775	0.486715	-0.849841	0.145401	-0.118774	0.0567758
902	0.000976562	-1.13752	-0.581629	1.4459	0.0540549	0.146043	-0.256082
903	0.000976562	-0.0849951	1.46166	-1.15036	0.0188517	-0.207232	0.148615
904	0.000976562	-0.702321	0.817494	-1.80646	0.0330342	-0.189983	0.244569
905	0.000976562	-1.03002	0.943183	1.72688	0.163125	-0.140985	-0.246376
906	0.000976562	0.547435	0.13091	-1.86022	-0.00327321	-0.0526371	0.346208
907	0.000976562	-0.0664064	1.33594	-1.47102	0.0138384	-0.190689	0.184592
908	0.000976562	-0.184742	0.129226	-1.19275	0.0315107	0.0636933	0.180664
909	0.000976562	-1.13276	-1.49457	0.283838	0.18591	0.241249	-0.117504
910	0.000976562	-1.50173	1.68796	0.188545	0.281257	-0.21469	-0.0222856
911	0.000976562	0.815874	-0.518361	-0.462566	0.0711379	0.241906	-0.00124441
912	0.000976562	-0.280615	-0.00715939	0.857053	-0.0273697	0.0673777	-0.103021
913	0.000976562	-0.483442	-0.368632	-0.239466	0.000291204	0.0638233	0.0245491
914	0.000976562	1.75196	0.578079	1.3545	-0.289045	0.00249564	-0.148321
915	0.000976562	-0.36377	0.435965	1.93998	0.0874999	-0.0645289	-0.305818
916	0.000976562	-0.225722	-1.59505	-0.29414	0.0313349	0.17864	0.143722
917	0.000976562	-0.519194	1.18589	1.70728	0.131163	-0.191929	-0.243687
918	0.000976562	0.237735	-1.53116	1.30591	-0.0266839	0.167043	-0.144935
919	0.000976562	-0.493984	-0.841873	-1.13638	0.0518707	0.079098	0.185575
920	0.000976562	-0.187181	0.442085	2.21937	0.0217769	-0.0586545	-0.365998
921	0.000976562	1.00229	1.57896	-1.52286	-0.145954	-0.0579361	0.427846
922	0.000976562	1.22236	0.399253	-1.94684	-0.235908	-0.102321	0.28795
923	0.000976562	-0.428798	-0.820464	0.636612	0.0610596	0.128426	-0.184219
924	0.000976562	-0.407708	0.619721	1.42866	0.00589632	-0.197123	-0.187716
925	0.000976562	1.05694	0.637186	2.03856	-0.135245	-0.0949723	-0.29059
926	0.000976562	-1.20941	0.0947827	1.28326	0.212411	-0.0113378	-0.182364
927	0.000976562	-1.43659	-1.45139	0.949103	0.138016	0.138495	-0.107076
928	0.000976562	1.4403	2.00966	-0.254113	-0.113143	-0.344752	0.0891279
929	0.000976562	1.096	-1.54609	-0.945892	-0.147796	0.257541	0.113209
930	0.000976562	-1.88595	1.41182	-0.916492	0.241177	-0.224769	0.11811
931	0.000976562	1.26534	-0.492529	1.25738	-0.132256	-0.0484565	-0.184713
932	0.000976562	-0.272803	1.14399	2.05675	0.224007	-0.262902	-0.363301
933	0.000976562	0.566141	-0.412982	-0.27856	0.0246934	0.0415927	-0.0568377
934	0.000976562	1.52829	1.78286	0.852371	-0.173119	-0.249459	-0.0702894
935	0.000976562	-0.551703	-0.247532	-0.00895106	0.0800638	0.0144332	-0.0391816
936	0.000976562	-1.18319	-0.343158	1.43125	0.197681	0.0508628	-0.210171
937	0.000976562	-2.14228	0.57986	-0.153391	0.339306	-0.0969075	-0.0145698
938	0.000976562	-1.98092	-0.753597	0.669194	0.344526	0.0591096	-0.00258755
939	0.000976562	0.675654	2.01341	-0.0157852	-0.0691481	-0.264038	0.0162148
940	0.000976562	-0.687637	0.0441318	-0.716288	0.046726	-0.070475	0.255155
941	0.000976562	0.820444	0.601834	2.19175	-0.123677	-0.0705202	-0.319211
942	0.000976562	1.7375	0.311461	-0.155056	-0.0568589	-0.191545	0.210805
943	0.000976562	0.623887	0.589639	-1.14921	-0.0462041	-0.157412	0.160799
944	0.000976562	-1.46861	0.194187	-1.05392	0.25204	-0.0453073	0.135579
945	0.000976562	0.0450132	0.976511	-0.58026	-0.00910528	-0.124319	0.11714
946	0.000976562	-1.01853	-0.727248	-1.98752	0.147631	0.0903295	0.32538
947	0.000976562	-0.252867	0.627858	0.678136	0.0334517	-0.150276	-0.0491688
948	0.000976562	-1.21473	-1.08472	-0.357147	0.280257	0.191572	0.075158
949	0.000976562	-0.426183	-1.2776	1.49852	0.0855225	0.186221	-0.180875
950	0.000976562	0.675398	1.26683	0.893709	-0.111359	-0.157452	-0.0959494
951	0.000976562	-0.639628	1.88809	-0.666755	0.00807017	-0.231546	0.209334
952	0.000976562	0.344466	2.12318	1.14375	0.0988438	-0.277478	-0.194979
953	0.000976562	1.61306	0.0251238	1.61586	-0.250278	0.0776723	-0.245597
954	0.000976562	-0.367048	-1.97198	-0.209	-0.0471909	0.325335	0.0285132
955	0.000976562	-1.00213	-0.105695	-1.6751	0.136055	0.00917399	0.269725
956	0.000976562	-1.78003	0.899349	1.12611	0.251373	-0.213139	-0.122847
957	0.000976562	1.80002	0.383827	0.367572	-0.182377	-0.0300123	-0.113372
958	0.000976562	-0.498918	1.65435	1.77709	0.0771665	-0.220931	-0.242217
959	0.000976562	-0.238921	-0.650718	-2.22264	0.0314663	0.0203452	0.334352
960	0.000976562	1.47989	0.927383	-0.435545	-0.257985	-0.154582	0.123123
961	0.000976562	-1.55722	1.74407	0.116562	0.271468	-0.307318	0.0510671
962	0.000976562	-2.03084	-0.909407	0.826435	0.25212	0.121216	-0.173183
963	0.000976562	0.935912	-0.983888	1.37144	-0.162626	0.125672	-0.214858
964	0.000976562	0.0307489	-1.20133	-2.01717	0.0212019	0.0929387	0.380645
965	0.000976562	1.81941	-1.28005	0.244951	-0.313559	0.25316	-0.115412
966	0.000976562	-1.17957	0.503166	0.657094	0.0988478	-0.0842277	-0.198934
967	0.000976562	0.684962	0.57974	0.205571	-0.0459461	-0.0776376	-0.00910895
968	0.000976562	0.824486	0.658688	0.371175	-0.167875	-0.0786883	-0.0710956
969	0.000976562	2.07073	0.81011	-0.966007	-0.312564	-0.129976	0.118366
970	0.000976562	-1.62092	0.600609	1.13386	0.223521	-0.0648019	-0.205798
971	0.000976562	0.375338	1.19026	1.71132	-0.104281	-0.219669	-0.0572272
972	0.000976562	1.95806	-1.05675	-0.622259	-0.391684	0.124739	0.0652951
973	0.000976562	-0.0161987	1.12954	-2.1157	-0.0496287	-0.241488	0.213417
974	0.000976562	-0.716342	-1.40667	-0.108059	0.049971	0.220247	-0.0905517
975	0.000976562	-0.161982	1.42424	-0.679125	0.0181018	-0.198362	0.14527
976	0.000976562	1.51538	-1.40712	0.931143	-0.185323	0.200135	-0.176699
977	0.000976562	-0.6234	0.25896	2.07826	0.0843704	-0.00795075	-0.358141
978	0.000976562	-1.14313	-0.880119	-0.922619	0.173352	0.146511	0.146025
979	0.000976562	-0.470871	0.44117	1.48756	0.170227	-0.0155408	-0.246883
980	0.000976562	0.339318	0.468002	1.55842	-0.186571	-0.146219	-0.166861
981	0.000976562	-0.789669	-0.191945	1.39016	0.0729533	0.0391231	-0.207524
982	0.000976562	-1.51719	-0.276813	1.06297	0.184826	-0.0266138	-0.18524
983	0.000976562	1.0031	0.0823144	0.890587	-0.079928	0.0036767	-0.095197
984	0.000976562	1.7185	0.375936	-0.132967	-0.494263	0.259825	-0.0238185
985	0.000976562	-0.723427	-0.360627	-1.20977	0.096962	0.0525031	0.215727
986	0.000976562	-0.732212	-1.84301	1.24287	0.109173	0.249397	-0.156432
987	0.000976562	0.477888	0.0261036	-1.63088	0.00798534	-0.0156289	0.278319
988	0.000976562	-0.668557	2.06935	-0.107207	0.0636242	-0.364232	0.0951064
989	0.000976562	0.0701315	-0.114589	-0.59523	-0.00846904	-0.0103408	0.0629399
990	0.000976562	0.462059	-0.113518	-0.677695	-0.0328956	-0.0361108	0.0947223
991	0.000976562	0.857289	-0.44336	-2.11113	-0.030017	0.0240187	0.391212
992	0.000976562	-1.13207	-0.0668534	-0.524733	0.173123	-0.108793	0.0432484
993	0.000976562	-0.307624	-2.26564	0.629856	-0.066556	0.360218	-0.129797
994	0.000976562	1.46251	1.26737	-1.21914	-0.167262	-0.140149	0.222354
995	0.000976562	1.59812	1.37056	-1.23126	-0.256247	-0.270526	0.206539
996	0.000976562	-2.01937	-0.303968	1.212	0.320635	-0.0563089	-0.30683
997	0.000976562	1.2692	0.546925	1.89733	-0.180951	-0.0557989	-0.271105
998	0.000976562	-1.99301	0.275207	0.563582	0.286671	-0.0320018	-0.149139
999	0.000976562	1.47562	1.77143	-0.0995903	-0.210484	-0.218109	-0.00241183
1000	0.000976562	1.71438	0.119312	1.58586	-0.321674	-0.0284823	-0.216052
1001	0.000976562	0.0203322	1.0271	1.93636	-0.0235599	-0.0899865	-0.244408
1002	0.000976562	1.15201	0.481382	-0.810809	-0.251367	0.0179234	0.0419392
1003	0.000976562	-1.38448	-0.661113	-0.912557	0.28841	0.0718136	0.0541604
1004	0.000976562	1.83751	-0.0917178	1.49841	-0.302711	0.0809167	-0.172511
1005	0.000976562	0.0686669	-0.128409	0.250922	-0.205665	-0.0315801	0.055093
1006	0.000976562	-1.23725	-1.99107	-0.577771	0.238521	0.282532	0.067182
1007	0.000976562	1.32951	0.863665	1.75211	-0.207857	-0.163929	-0.196297
1008	0.000976562	-0.366881	-1.85474	0.0846581	-0.0895372	0.226051	-0.0390533
1009	0.000976562	-0.580812	1.76857	0.296758	0.0674229	-0.261855	-0.0599587
1010	0.000976562	-0.126554	0.485242	-1.29479	0.00779888	-0.112986	0.218736
1011	0.000976562	0.133031	-0.72634	-1.89348	0.0156541	0.0990025	0.368981
1012	0.000976562	1.44833	-0.627715	-0.967882	-0.243639	0.0995573	0.216511
1013	0.000976562	-0.883165	1.07818	-0.617011	0.0891069	-0.119077	0.10872
1014	0.000976562	1.40762	0.459801	-0.737357	-0.277388	-0.0929171	0.0976759
1015	0.000976562	-0.451242	-0.589025	1.53642	0.0715516	0.114784	-0.201183
1016	0.000976562	0.0574377	1.10298	2.0275	-0.0275754	-0.23053	-0.29355
1017	0.000976562	-1.07232	-1.87155	-0.0378246	0.206268	0.263511	-0.0641956
1018	0.000976562	-1.56306	1.29202	-0.556555	0.20156	-0.210416	0.0844183
1019	0.000976562	0.308158	1.69657	0.961803	-0.0535802	-0.180396	-0.0213002
1020	0.000976562	0.45983	1.01821	-2.17624	-0.124916	-0.0989239	0.307422
1021	0.000976562	-1.96137	0.569708	-0.601727	0.316809	-0.0987994	0.142595
1022	0.000976562	-1.48224	0.402179	-1.00597	0.161628	-0.156631	0.236819
1023	0.000976562	1.09502	-2.10454	0.187922	-0.186318	0.356571	0.000779357
