4.000000e+00
1024
0	0.000976562	0.2006	0.911049	0.480766	-0.0614924	-0.252391	-0.0811947
1	0.000976562	0.173245	-0.248512	0.59055	-0.0612412	0.0804611	-0.16744
2	0.000976562	-0.418116	1.12566	0.0390106	0.0679022	-0.282648	-0.12627
3	0.000976562	1.22083	0.108411	1.35762	-0.348945	0.194372	-0.0957876
4	0.000976562	1.72873	0.210406	-0.23999	-0.559954	0.0189331	0.155761
5	0.000976562	-0.948557	1.17582	-0.114145	0.209731	-0.346395	0.0924174
6	0.000976562	0.372764	0.522124	1.86773	-0.192694	-0.0884414	-0.48395
7	0.000976562	0.567525	-0.305409	-0.501039	-0.178582	0.0849257	-0.021107
8	0.000976562	-0.861303	-0.585674	0.240628	0.0758306	0.0307543	-0.252431
9	0.000976562	-1.19862	-1.25322	0.775043	0.223658	0.501716	0.0406219
10	0.000976562	-1.05179	-0.104558	-0.837838	0.228248	0.0286217	0.428385
11	0.000976562	-1.4754	-1.18249	-0.433417	0.404241	0.339542	0.226824
12	0.000976562	-0.907985	-1.39188	-0.685724	0.232862	0.350321	0.229981
13	0.000976562	-0.298116	-1.67253	0.791139	-0.0447013	0.433075	-0.191779
14	0.000976562	0.269491	-1.0092	0.0857757	-0.0791728	0.183809	-0.0473438
15	0.000976562	-0.582722	0.481264	-1.41516	0.212221	-0.162689	0.290757
16	0.000976562	0.855641	-0.637331	-1.57327	-0.111057	0.318608	0.358021
17	0.000976562	0.394674	0.395832	0.267827	-0.0221398	-0.127964	-0.108801
18	0.000976562	1.32837	1.04553	-0.976698	-0.559514	-0.113084	0.149211
19	0.000976562	0.292282	1.84312	0.992381	-0.0466304	-0.356642	-0.240066
20	0.000976562	0.552665	-0.262751	0.438511	-0.180834	0.0726684	-0.120996
21	0.000976562	-0.899324	0.376456	-0.297155	0.243013	-0.200075	0.0492592
22	0.000976562	-1.44777	-0.732734	0.345561	0.420397	0.238103	-0.0444392
23	0.000976562	0.352449	0.367986	0.633873	-0.113441	-0.0838801	-0.165825
24	0.000976562	0.491274	-0.352538	1.69114	-0.140493	0.135487	-0.199853
25	0.000976562	-0.482414	-0.228237	1.67927	0.173789	0.0510038	-0.387745
26	0.000976562	1.51681	0.292509	-0.0228087	-0.113269	-0.110046	0.402245
27	0.000976562	-1.76168	0.804636	-0.333352	0.481774	-0.243546	-0.0612533
28	0.000976562	1.13857	-1.32677	0.112173	-0.324371	0.109024	-0.276949
29	0.000976562	1.21766	-0.946932	-0.602704	-0.359055	0.442889	0.24674
30	0.000976562	-1.34852	0.444881	0.233865	0.403833	-0.220287	-0.223147
31	0.000976562	0.0213472	0.434975	1.09308	-0.130193	-0.095578	-0.162552
32	0.000976562	-1.00636	-0.560818	-1.02345	0.0370317	-0.138919	0.410562
33	0.000976562	-0.168183	-0.842595	-0.956883	-0.187157	0.225305	0.385438
34	0.000976562	-1.71222	-0.238262	-0.804358	0.545943	0.0539451	0.187451
35	0.000976562	0.695498	-0.891014	-1.60636	-0.404085	0.111613	0.310981
36	0.000976562	-0.202437	0.340497	1.61526	0.00796622	0.0528585	-0.465383
37	0.000976562	-0.820261	-0.758665	0.1472	0.248112	0.0773768	-0.241395
38	0.000976562	-1.00955	1.37109	-1.25745	0.181467	-0.275975	0.375848
39	0.000976562	-0.970754	-0.189949	-0.461047	0.533906	0.0986421	0.070376
40	0.000976562	-0.170332	-0.858634	0.298249	0.0154267	0.23574	-0.135727
41	0.000976562	-1.46462	0.833805	-0.348416	0.364916	-0.284738	0.060435
42	0.000976562	0.15036	-1.00771	-1.51256	-0.256152	0.479982	0.418549
43	0.000976562	-0.0646907	-0.383163	1.86229	0.0675584	0.11891	-0.496874
44	0.000976562	-1.50379	0.207069	0.634714	0.483401	-0.0538414	-0.0857154
45	0.000976562	0.886288	1.15346	-0.911338	-0.0342794	-0.414492	0.23775
46	0.000976562	0.34983	-1.57959	-0.17279	0.00558906	0.318266	0.0102431
47	0.000976562	0.0115856	0.758296	-0.505816	0.016312	-0.0560018	0.190924
48	0.000976562	0.0244043	-0.989343	-1.58888	-0.0378916	0.249601	0.522083
49	0.000976562	-1.02708	-0.360704	0.285824	0.26777	0.0564124	-0.0279803
50	0.000976562	1.35874	0.917598	-0.917186	-0.441363	-0.240015	0.190618
51	0.000976562	-0.998843	-0.0960764	0.76099	0.242244	0.0550516	-0.197554
52	0.000976562	0.881097	-0.746454	-0.442536	-0.176616	0.289887	0.152448
53	0.000976562	0.736168	1.272	1.15001	-0.259392	-0.259998	-0.292714
54	0.000976562	-0.856067	-0.557507	0.238966	0.389993	-0.0205349	-0.199585
55	0.000976562	-0.99781	-0.592752	-0.950616	0.278334	0.0792303	0.468512
56	0.000976562	-1.57971	0.154803	-0.836736	0.575879	-0.0042257	0.187755
57	0.000976562	0.320404	1.93546	0.803644	-0.0890631	-0.531039	-0.0283488
58	0.000976562	-1.976	-0.337927	-0.124793	0.512019	0.068374	-0.0412799
59	0.000976562	0.179222	0.760323	-0.917157	-0.0576343	-0.181312	0.228404
60	0.000976562	-0.377654	1.53476	-0.0784938	-0.0880496	-0.472167	0.0978786
61	0.000976562	0.78791	-0.377363	1.70846	-0.354932	0.0995866	-0.407745
62	0.000976562	0.998496	1.18004	-0.922902	-0.191485	-0.15549	0.0389268
63	0.000976562	1.02802	0.516383	-0.930509	-0.288378	-0.222002	0.375082
64	0.000976562	-0.244907	0.454683	1.46303	0.00125985	-0.0972327	-0.401403
65	0.000976562	-0.29765	1.84826	0.290373	-0.0420095	-0.554466	-0.116126
66	0.000976562	-1.5948	0.459212	-0.453541	0.223893	-0.300026	0.167835
67	0.000976562	-0.272521	-0.843569	-0.920703	-0.0139407	0.0385461	0.462022
68	0.000976562	-1.39888	0.526723	-0.0395052	0.351767	-0.214493	0.00747438
69	0.000976562	-0.966949	-0.988038	0.54544	0.173616	0.28669	-0.252144
70	0.000976562	-0.938411	0.618256	0.195385	0.290671	-0.236989	0.0087871
71	0.000976562	-0.416036	0.238888	-0.844423	-0.00529316	-0.0963899	0.234568
72	0.000976562	0.79748	-0.33379	-0.330531	-0.385089	-0.174319	0.0151552
73	0.000976562	-0.953309	-0.490664	1.24601	0.377396	0.258445	-0.326829
74	0.000976562	1.67185	-0.942337	-0.393671	-0.493001	0.218174	0.165482
75	0.000976562	-0.492206	1.01859	-1.12281	0.145299	-0.310575	0.250448
76	0.000976562	-1.28536	-0.12443	-0.866255	0.408882	0.0943049	0.265958
77	0.000976562	1.47889	-0.964763	0.0312558	-0.554199	0.207585	0.0056755
78	0.000976562	-0.348945	-1.51686	0.198139	0.0775888	0.375355	-0.283265
79	0.000976562	0.15571	-0.739847	0.485742	-0.0193172	0.158513	-0.239759
80	0.000976562	1.70738	-0.491984	0.351281	-0.343542	-0.0610994	0.0365473
81	0.000976562	-0.893739	-0.0448448	-0.515519	0.329893	-0.117913	-0.0966077
82	0.000976562	-1.17413	0.113587	-0.752518	0.233044	-0.000804557	0.275011
83	0.000976562	-0.460195	0.33226	0.917367	0.167745	0.0591224	-0.356299
84	0.000976562	-1.58267	-0.604212	0.78994	0.478118	0.129342	-0.420175
85	0.000976562	0.770486	0.452143	0.918805	-0.1747	-0.20574	-0.190249
86	0.000976562	-1.42163	-0.552656	0.721148	0.244947	0.255284	-0.222488
87	0.000976562	1.71037	0.478237	-0.82008	-0.434806	-0.0077347	0.300768
88	0.000976562	-0.456405	0.317738	1.80227	0.141797	-0.0122661	-0.519797
89	0.000976562	-0.778637	0.372592	-0.854841	0.0914067	-0.270991	0.320757
90	0.000976562	-1.15049	-1.3759	0.373951	0.320423	0.456534	-0.0768407
91	0.000976562	0.809645	1.25999	0.0693869	-0.211432	-0.398321	0.00691761
92	0.000976562	-0.58842	0.286868	0.75938	-0.148325	0.040674	-0.166969
93	0.000976562	-1.56191	-1.10454	-0.374064	0.536119	0.263	0.0950943
94	0.000976562	0.511235	1.67757	0.723869	-0.146312	-0.409518	0.0295429
95	0.000976562	-0.157112	1.80263	0.276747	-0.124108	-0.45803	0.0117985
96	0.000976562	-0.396595	-1.7603	0.739114	0.0917693	0.465786	-0.228784
97	0.000976562	1.57558	0.443568	0.128252	-0.400302	-0.425035	-0.0628348
98	0.000976562	-0.0889683	-0.369842	1.74046	-0.0327455	0.188157	-0.61676
99	0.000976562	-1.24881	-0.58101	0.784133	0.250333	0.220099	-0.188646
100	0.000976562	-1.82577	0.424877	-0.288313	0.460136	-0.157768	0.0524967
101	0.000976562	-0.883581	-0.997137	-0.0980695	0.316962	0.334425	-0.0944702
102	0.000976562	-0.70735	0.0115023	-0.523544	0.0809483	-0.0434609	0.201882
103	0.000976562	-0.402314	0.183573	0.826975	0.137449	-0.0120479	-0.0328285
104	0.000976562	1.07854	0.63364	1.47227	-0.0812224	-0.134341	-0.228769
105	0.000976562	0.743923	-0.776535	-1.56019	-0.128759	0.260377	0.253418
106	0.000976562	-1.48965	0.809525	0.662037	0.327171	-0.202771	-0.193371
107	0.000976562	0.446105	-0.900592	-1.46381	-0.0709573	0.37571	0.28591
108	0.000976562	-1.01338	-0.329941	-0.362056	0.254782	0.0789858	0.0897258
109	0.000976562	0.738026	-0.708199	0.809151	-0.172412	0.147443	-0.198928
110	0.000976562	0.817886	-0.385474	-0.452299	0.0419727	0.272853	0.122236
111	0.000976562	0.662123	0.963634	0.0341362	-0.189789	-0.367062	-0.028367
112	0.000976562	-1.49494	-0.320248	-0.24469	0.507502	0.151381	0.121644
113	0.000976562	-1.54746	0.605337	0.890228	0.450992	-0.00209953	-0.185544
114	0.000976562	-0.826804	-0.121747	-0.52748	-0.147232	-0.115948	0.221684
115	0.000976562	1.23429	-0.606	-1.11334	-0.448497	0.0850742	0.328669
116	0.000976562	0.091422	1.13469	-0.238619	-0.164224	-0.330891	0.00910042
117	0.000976562	-1.38805	-1.23245	-0.297536	0.379208	0.396439	0.0867119
118	0.000976562	0.176951	-0.489747	1.11732	0.0387859	0.121305	-0.238954
119	0.000976562	-0.708527	-0.0646024	-0.574806	0.173283	-0.0149527	0.208959
120	0.000976562	-0.715713	-0.990663	-0.104026	0.0301627	0.228257	-0.0633757
121	0.000976562	0.811414	-0.916803	0.0425246	-0.15454	0.196652	-0.0641118
122	0.000976562	-0.719793	0.406269	1.67643	0.277601	-0.0548281	-0.516568
123	0.000976562	-0.209181	-0.929033	1.61901	-0.0629492	0.226404	-0.36857
124	0.000976562	-0.748021	1.68682	0.0272657	0.207825	-0.311348	0.166945
125	0.000976562	-0.128216	-0.566496	1.74819	0.149159	0.297783	-0.340554
126	0.000976562	1.48316	-0.841087	-0.0681805	-0.477068	0.0420014	0.0771756
127	0.000976562	-0.0168354	1.14892	1.56066	0.00438931	-0.337662	-0.283074
128	0.000976562	-0.639616	-1.59933	-0.465394	0.33663	0.481616	0.0535978
129	0.000976562	-1.47818	0.379208	-0.954715	0.450028	-0.148859	0.23481
130	0.000976562	0.986513	-0.479984	-0.233585	0.0783027	0.036824	0.082262
131	0.000976562	-0.668098	0.364352	-0.842974	0.0597501	-0.254661	0.237631
132	0.000976562	-1.41185	-0.46357	0.801415	0.310997	0.0821837	-0.430083
133	0.000976562	1.08373	-1.16858	0.0199956	-0.286734	0.327064	-0.125481
134	0.000976562	-1.65768	0.951039	0.736972	0.436368	-0.318096	-0.121505
135	0.000976562	1.31411	0.0504766	1.46673	-0.374626	0.11201	-0.532703
136	0.000976562	0.840578	-0.340532	-0.367438	-0.210472	0.0630557	-0.107287
137	0.000976562	0.430409	1.76075	0.960452	0.12757	-0.464166	-0.138167
138	0.000976562	0.98539	-1.34878	0.111492	-0.110061	0.333876	0.100856
139	0.000976562	-0.757104	1.58582	-0.0224925	0.472532	-0.400024	0.0195081
140	0.000976562	-0.906899	-0.894025	-0.231263	0.138063	0.266579	0.0446246
141	0.000976562	-0.098141	-0.54035	1.72035	0.126601	0.109429	-0.390267
142	0.000976562	0.879209	1.11271	-0.7872	-0.231312	-0.201787	0.0988948
143	0.000976562	0.416738	1.1877	1.20557	-0.0288146	-0.269701	-0.344822
144	0.000976562	-0.498131	1.23294	0.708098	0.353047	-0.479103	-0.21193
145	0.000976562	0.108476	-0.072686	0.213269	-0.0460783	0.0309626	-0.00443857
146	0.000976562	0.505538	0.0204504	1.50209	-0.129256	-0.0136187	-0.390909
147	0.000976562	0.830466	-0.324534	-0.452622	-0.0278808	0.329168	0.0720906
148	0.000976562	1.33794	-0.558934	-1.07351	-0.338162	0.120271	0.370866
149	0.000976562	0.444176	-0.33025	-0.552947	0.0365187	0.156977	0.22365
150	0.000976562	1.19608	-0.777405	0.469821	-0.16904	0.132595	-0.239382
151	0.000976562	0.125145	0.0555125	1.6765	-0.045947	0.0892501	-0.436062
152	0.000976562	0.169187	1.49971	0.915134	0.0524636	-0.281492	-0.243571
153	0.000976562	-0.84476	-1.4535	-0.597789	0.273677	0.45618	0.286767
154	0.000976562	-1.73803	0.84256	-0.386915	0.479512	-0.284379	0.15566
155	0.000976562	-0.723379	0.875453	-0.377268	0.202326	-0.245723	0.328444
156	0.000976562	0.909334	1.29469	-1.29054	-0.0667497	-0.361117	0.335827
157	0.000976562	-1.05087	-0.59916	-0.0281559	0.469946	0.136746	-0.0545532
158	0.000976562	-1.15981	0.522206	-1.65833	0.290076	-0.160969	0.379834
159	0.000976562	-0.294163	-0.843609	-0.94442	0.01834	0.123965	0.106251
160	0.000976562	0.050276	1.00752	-1.71513	0.0299191	-0.29425	0.424794
161	0.000976562	-1.29078	0.162509	-0.898001	0.433503	0.0410904	0.277987
162	0.000976562	-0.794545	0.266127	1.71941	0.203233	-0.122504	-0.492806
163	0.000976562	1.23418	0.817733	0.307592	-0.310129	-0.389363	-0.0944247
164	0.000976562	-0.0833745	0.791549	-1.82032	0.0179947	-0.284559	0.464794
165	0.000976562	-1.47832	-0.902149	-0.277772	0.511833	0.144228	-0.0199283
166	0.000976562	-1.8651	-0.249097	-0.00806075	0.527806	0.0633482	-0.0417718
167	0.000976562	-0.958294	0.372924	0.974227	0.338226	-0.130882	-0.318813
168	0.000976562	-0.825362	0.341966	0.596478	0.346024	-0.137613	-0.0890676
169	0.000976562	-0.799228	-0.74828	-0.737577	0.0863142	0.497501	0.437409
170	0.000976562	-0.65732	0.415531	1.04813	0.287964	-0.20365	-0.257457
171	0.000976562	-1.01103	1.30973	-1.04	0.208493	-0.343077	0.27578
172	0.000976562	-0.569039	1.1129	0.862361	0.246558	-0.362493	-0.233224
173	0.000976562	0.0482045	0.920384	-0.458128	-0.20351	-0.291825	0.172611
174	0.000976562	0.804863	-1.57136	-0.972755	-0.203624	0.395949	0.256792
175	0.000976562	1.68611	0.636411	0.135398	-0.515362	-0.239097	-0.0323745
176	0.000976562	-0.326291	1.0353	-1.66616	0.152738	-0.309945	0.286422
177	0.000976562	0.158621	-0.608239	-1.48871	0.0636442	0.153053	0.488331
178	0.000976562	0.654509	0.244635	-0.946599	-0.0042129	-0.0818847	0.171737
179	0.000976562	-1.70893	-0.201704	-0.320662	0.45026	-0.0821369	0.0217363
180	0.000976562	-1.01224	-0.232215	-0.518028	0.579118	0.0604906	0.194784
181	0.000976562	-1.18021	-0.0778402	-0.752745	0.503391	0.145953	0.30834
182	0.000976562	1.23773	0.115599	1.37134	-0.450393	-0.282545	-0.46557
183	0.000976562	0.884223	-0.660956	1.23496	-0.288175	0.15828	-0.296029
184	0.000976562	-1.56582	-0.409662	-1.08393	0.455023	0.0986405	0.338253
185	0.000976562	0.721208	-1.57286	-0.325587	-0.220099	0.424692	0.17046
186	0.000976562	-0.943569	-0.0473556	-0.642866	0.294246	-0.0842391	0.187639
187	0.000976562	-1.05274	-0.868565	1.16128	0.209395	0.265607	-0.332156
188	0.000976562	-1.57289	0.703694	0.906858	0.508601	-0.0687852	-0.374977
189	0.000976562	-0.927744	-0.552447	-0.186555	0.172365	0.0102321	-0.0662198
190	0.000976562	0.707539	-0.463771	-1.28785	-0.134893	-0.074407	0.23933
191	0.000976562	-0.428337	0.936426	0.511941	0.077384	-0.189332	-0.133602
192	0.000976562	1.57327	-0.885495	-0.484841	-0.463616	0.12702	0.0971152
193	0.000976562	-0.472017	0.227321	0.795098	0.121953	-0.120547	-0.155842
194	0.000976562	1.444	0.640707	-0.694562	-0.409173	-0.198589	0.13702
195	0.000976562	-0.0212624	-1.07335	-1.3955	-0.0315093	0.492899	0.337218
196	0.000976562	1.13714	-1.17538	0.143783	-0.274245	0.400511	-0.216846
197	0.000976562	0.718342	-0.347999	-1.79765	-0.0914044	0.0110747	0.506846
198	0.000976562	0.478554	0.238373	0.10975	-0.083162	-0.149771	-0.0490928
199	0.000976562	0.272139	-0.276503	1.74115	0.0105381	0.153392	-0.580483
200	0.000976562	0.253293	-1.63214	-0.0598927	-0.185541	0.37204	0.0941743
201	0.000976562	-0.99855	1.11377	-0.0971803	0.251447	-0.199983	0.0616926
202	0.000976562	0.745806	-0.401192	-1.6867	-0.12335	0.0257487	0.708524
203	0.000976562	1.21705	0.0957629	1.37779	-0.186839	0.0444337	-0.34151
204	0.000976562	0.913846	1.03306	-0.858403	-0.311009	-0.505949	0.173543
205	0.000976562	1.50964	0.302906	-0.171885	-0.539047	0.0134382	0.0778102
206	0.000976562	-0.584162	1.1776	0.795519	-0.0198475	-0.452107	-0.0422822
207	0.000976562	1.62381	-0.796534	0.200257	-0.496771	0.159597	-0.0896393
208	0.000976562	-0.540773	1.28703	0.117857	0.0783084	-0.290499	-0.0492649
209	0.000976562	-1.0319	-0.586087	-0.808086	0.341598	0.347088	0.387688
210	0.000976562	0.109456	0.908598	1.80991	-0.0258975	-0.231471	-0.468844
211	0.000976562	0.810222	1.37592	-1.20308	-0.304524	-0.211475	0.373727
212	0.000976562	-0.406583	-0.293581	0.7606	0.145235	0.0987085	-0.216536
213	0.000976562	-1.02712	-0.645755	-0.84066	0.134557	0.380057	0.127635
214	0.000976562	0.762337	0.960434	1.18753	-0.217138	-0.201056	-0.240792
215	0.000976562	-0.886875	0.262173	0.190886	0.218507	-0.0538199	-0.0440738
216	0.000976562	1.24331	0.867846	0.291513	-0.447399	-0.0699142	-0.219274
217	0.000976562	-0.185862	-0.878997	-0.919301	-0.307946	0.261562	0.340694
218	0.000976562	-0.253558	-0.0793918	0.118266	0.0361407	-0.104435	-0.0885279
219	0.000976562	0.897834	-0.810738	-1.35336	-0.146115	0.0305614	0.663132
220	0.000976562	-0.786044	-1.22173	0.0400036	0.168835	0.414555	-0.189216
221	0.000976562	-0.637798	-1.09728	-0.0193773	0.0621171	0.355657	-0.0965843
222	0.000976562	-1.28862	0.68782	0.614269	0.281619	-0.232958	-0.142605
223	0.000976562	-1.37468	-0.857502	-0.91656	0.342487	0.124468	0.184286
224	0.000976562	0.147179	2.14675	-0.44606	-0.0423444	-0.405898	0.0953981
225	0.000976562	-1.50301	-0.28091	-0.837102	0.497476	0.115997	0.224672
226	0.000976562	0.086245	0.815269	-0.213025	-0.00841144	-0.130102	-0.0373154
227	0.000976562	-0.0924859	-1.46312	-0.272979	-0.0325692	0.392733	0.204141
228	0.000976562	0.844523	-0.597442	-1.41815	-0.176138	0.347369	0.158826
229	0.000976562	1.5505	0.867448	0.42087	-0.428672	-0.250834	-0.182724
230	0.000976562	1.31808	1.5935	-0.157869	-0.369911	-0.304779	-0.00471364
231	0.000976562	0.455731	0.291875	0.0803315	-0.0237094	0.0673267	-0.0300862
232	0.000976562	1.10561	0.773292	-0.813535	-0.292154	-0.202307	0.1411
233	0.000976562	-1.2603	0.905115	1.42967	0.326132	-0.073611	-0.369512
234	0.000976562	1.55853	-0.891178	-0.139748	-0.536875	0.0972202	-0.0624386
235	0.000976562	0.107804	-1.43523	0.933809	0.0100788	0.371705	-0.197322
236	0.000976562	-0.73162	-0.616821	-0.532788	-0.0214868	0.0977914	0.104964
237	0.000976562	0.590018	-0.213384	1.68296	-0.194565	0.216845	-0.455366
238	0.000976562	-0.208302	1.42569	-1.17523	0.0602237	-0.376251	0.273614
239	0.000976562	0.0882771	1.79586	0.805123	0.0688896	-0.487152	-0.120722
240	0.000976562	-0.161198	0.60438	1.18472	0.114044	-0.154507	-0.333958
241	0.000976562	-0.269244	0.732705	1.26782	0.156658	-0.39015	-0.279723
242	0.000976562	1.31607	0.368828	1.00278	-0.381237	-0.0970755	-0.164063
243	0.000976562	0.431953	-0.265863	1.6366	0.0369163	0.074089	-0.493021
244	0.000976562	-1.80538	-0.0495919	0.73704	0.507867	0.0878761	-0.309428
245	0.000976562	-0.477199	0.289141	0.753758	0.407721	0.0457636	-0.273177
246	0.000976562	-1.39056	-1.2027	-0.305021	0.411142	0.303316	-0.19917
247	0.000976562	-0.754334	1.46505	0.243802	0.267381	-0.446917	-0.179231
248	0.000976562	-0.656396	1.42585	1.2074	0.182412	-0.449517	-0.439985
249	0.000976562	0.0344521	0.193639	-0.741731	-0.0396498	-0.0931663	0.121383
250	0.000976562	-0.474915	0.319835	1.0105	-0.046217	-0.093221	-0.290691
251	0.000976562	0.43478	1.31988	1.04557	-0.19601	-0.362404	-0.264136
252	0.000976562	1.47726	0.374885	0.209406	-0.398478	-0.0883327	-0.199787
253	0.000976562	1.05577	1.15475	-0.611171	-0.261712	-0.404053	0.0292107
254	0.000976562	-0.249925	0.979889	1.78677	0.14558	-0.244489	-0.416564
255	0.000976562	0.534712	1.57459	0.827871	-0.260034	-0.19873	-0.225248
256	0.000976562	-0.561865	-0.484773	-0.465709	-0.0645603	0.0822224	0.091445
257	0.000976562	-1.16036	-0.565161	-0.167692	0.454255	0.164786	-0.0403784
258	0.000976562	0.425445	0.995668	1.61782	-0.21444	-0.266965	-0.414661
259	0.000976562	-0.251858	0.733866	-1.63445	-0.020131	-0.17469	0.381768
260	0.000976562	0.957389	1.27522	-1.28065	-0.26263	-0.282689	0.393015
261	0.000976562	-0.445478	-0.0884724	-0.238633	-0.0454617	-0.0581466	0.0353591
262	0.000976562	-0.0816382	0.775237	-0.212343	-0.0740654	-0.143704	-0.0112703
263	0.000976562	1.53807	0.379143	-0.241555	-0.222015	-0.0428512	-0.0704617
264	0.000976562	0.35211	-0.227472	0.193125	-0.134431	0.0747838	-0.0814052
265	0.000976562	-0.510083	-0.241214	0.739741	0.0290156	0.172658	-0.238584
266	0.000976562	1.19357	-0.805296	-0.58209	-0.270033	0.277081	0.0673077
267	0.000976562	0.732687	-1.57506	0.206575	-0.267315	0.411431	-0.0230807
268	0.000976562	-0.212791	0.965759	1.65467	0.128463	-0.24464	-0.517781
269	0.000976562	-0.973451	-0.167448	-0.51323	0.0884101	-0.237568	0.0719825
270	0.000976562	-1.16299	-0.776193	-1.2161	0.381858	0.257038	0.47009
271	0.000976562	-0.38439	-1.52833	-0.106452	0.192201	0.462219	0.0134991
272	0.000976562	0.591683	1.48388	-1.13886	-0.173127	-0.41744	0.264582
273	0.000976562	-0.940568	0.413236	-0.408039	0.261719	-0.213745	0.195999
274	0.000976562	0.732614	-0.763933	-1.42861	-0.260572	0.234392	0.456727
275	0.000976562	-1.22741	1.24682	-0.90892	0.292388	-0.313739	0.248629
276	0.000976562	1.41152	0.312627	-0.100162	-0.275112	-0.0537766	0.0634885
277	0.000976562	0.536869	0.149684	-0.0702033	-0.114805	-0.0387068	0.0629714
278	0.000976562	-0.263611	-0.91397	-1.5622	0.0787484	0.144691	0.586793
279	0.000976562	1.49432	1.19232	0.337267	-0.32395	-0.318363	-0.0305972
280	0.000976562	-1.00564	-0.571608	-1.03705	0.218	0.116386	0.525555
281	0.000976562	0.265264	1.75799	0.908826	-0.334749	-0.546253	-0.374959
282	0.000976562	0.593778	1.50445	-1.17558	0.0921951	-0.301052	0.166769
283	0.000976562	0.0435331	-1.79751	0.211213	0.0222835	0.557907	-0.0991511
284	0.000976562	1.73545	0.891821	0.408586	-0.381314	-0.245152	-0.175391
285	0.000976562	0.5648	-0.0743188	-2.06251	-0.0525714	-0.0360182	0.482912
286	0.000976562	-0.649932	-1.50792	1.1089	0.188474	0.278684	-0.362977
287	0.000976562	0.334631	-1.52558	-0.118603	-0.119126	0.455559	-0.0527775
288	0.000976562	-0.93368	-0.0401653	-0.615075	0.0331188	-0.170143	0.33819
289	0.000976562	0.360031	-0.272202	1.70745	-0.0116193	0.00338055	-0.322321
290	0.000976562	-1.16855	-1.27719	0.799467	0.296075	0.209375	-0.238839
291	0.000976562	1.22501	0.0624937	0.532981	-0.263618	0.0314456	-0.0738936
292	0.000976562	-1.18401	-0.0520038	-1.53788	0.307524	0.0107994	0.453263
293	0.000976562	-0.870778	-0.742455	-0.210008	0.122273	0.134362	0.110024
294	0.000976562	-0.342096	-1.06188	-0.706173	-0.0808935	0.381007	0.112404
295	0.000976562	-0.0857604	1.62195	0.567105	-0.123132	-0.384343	-0.0634829
296	0.000976562	-0.724125	-0.991661	-0.329368	0.0782623	0.408756	0.141105
297	0.000976562	0.449191	-1.07389	1.45032	-0.089443	0.291686	-0.328124
298	0.000976562	1.54906	-0.868586	0.440818	-0.37861	0.312982	-0.355606
299	0.000976562	0.821336	-1.53489	0.173354	-0.29853	0.376604	-0.0681935
300	0.000976562	0.882458	1.39519	1.10241	-0.256025	-0.351308	-0.219242
301	0.000976562	0.0203882	-0.0816958	0.233063	0.079653	0.0880927	-0.00102531
302	0.000976562	0.821901	1.89543	0.615513	-0.233903	-0.39912	-0.0512416
303	0.000976562	-0.0924693	-0.942677	-1.03224	-0.0590401	0.288588	0.204669
304	0.000976562	-0.881888	-0.652356	0.150103	-0.0396425	0.185588	-0.250732
305	0.000976562	0.743695	-0.689557	-1.38978	-0.283976	0.120649	0.536116
306	0.000976562	0.50419	-1.63874	0.375091	-0.0868094	0.456729	-0.344177
307	0.000976562	0.766128	1.10308	0.219117	-0.0664905	-0.195538	0.1046
308	0.000976562	1.19627	-1.30471	0.186157	-0.078309	0.403893	-0.0953256
309	0.000976562	-0.322435	-1.32599	-1.4084	0.106213	0.407724	0.351744
310	0.000976562	0.91983	1.17034	-1.27262	-0.203166	-0.0705418	0.353704
311	0.000976562	0.926748	1.05995	-0.898637	-0.0299689	-0.333301	0.203583
312	0.000976562	-0.569387	-0.609852	0.374221	0.0969901	0.106227	-0.19728
313	0.000976562	1.26911	0.835004	-0.0761416	-0.272532	-0.324535	0.0235508
314	0.000976562	0.656827	0.148653	1.38156	-0.108626	0.0325951	-0.287982
315	0.000976562	-0.267873	0.0119007	-0.926007	-0.0477394	-0.0444211	0.300095
316	0.000976562	0.279669	-0.828268	0.358724	-0.227052	0.172984	-0.0108899
317	0.000976562	-1.41956	-1.17286	-0.252394	0.358483	0.41134	0.167877
318	0.000976562	-0.344998	-0.936915	-1.38233	0.0793383	0.209054	0.381247
319	0.000976562	-0.270934	1.07385	-0.116291	-0.041061	-0.183431	0.0139945
320	0.000976562	-0.599651	0.430866	1.53647	0.18724	-0.136906	-0.33611
321	0.000976562	1.33578	-0.509434	0.335711	-0.349969	0.0794205	-0.054792
322	0.000976562	1.18851	1.39954	1.14387	-0.276115	-0.281443	-0.268502
323	0.000976562	0.118241	1.97063	-0.431837	-0.0555049	-0.462625	0.103347
324	0.000976562	0.294578	-1.53148	-0.0971108	-0.252491	0.551343	0.355246
325	0.000976562	0.790345	-0.758406	1.18663	-0.174644	0.276348	-0.222311
326	0.000976562	0.0241321	-1.49084	-0.247602	-0.115164	0.433291	0.209538
327	0.000976562	-0.480032	0.286924	0.866956	0.143411	-0.0435971	0.00948933
328	0.000976562	1.37069	0.0976608	-0.391871	-0.38358	0.029151	0.142007
329	0.000976562	-0.682533	0.397763	0.766945	0.073342	-0.0510517	-0.0934817
330	0.000976562	0.399916	-0.0610727	0.849935	-0.101233	-0.0298765	-0.183276
331	0.000976562	1.32172	-0.0109659	-1.5636	-0.343987	-0.00546008	0.355659
332	0.000976562	1.46514	0.365737	1.13807	-0.397047	-0.0467577	-0.31716
333	0.000976562	0.850496	-0.248841	-0.390697	-0.160738	-0.0802045	0.0507735
334	0.000976562	-0.847586	-0.850064	0.104187	0.231647	0.379861	-0.257709
335	0.000976562	-0.923669	-0.0359417	1.19871	0.274256	0.0507555	-0.335918
336	0.000976562	-1.06109	-0.271704	0.305277	0.323051	0.079907	-0.198272
337	0.000976562	-1.25556	-1.25602	0.714541	0.221361	0.217572	-0.409159
338	0.000976562	0.0599115	0.802103	1.46038	-0.0898659	-0.144281	-0.252943
339	0.000976562	-1.38404	-0.547567	0.675793	0.0726207	0.249325	-0.259819
340	0.000976562	-0.543761	-1.64529	-0.373096	-0.0581676	0.666363	-0.00792734
341	0.000976562	1.63477	-0.45035	-0.860548	-0.459842	0.0671872	0.0629128
342	0.000976562	0.875664	-1.03232	-1.40485	-0.280813	0.412202	0.304591
343	0.000976562	-0.686236	1.37415	0.154232	0.226613	-0.324261	-0.0603877
344	0.000976562	-1.76826	-0.0439298	0.803254	0.452176	-0.0400049	-0.252573
345	0.000976562	0.356765	0.242788	-1.13422	0.0532059	-0.165169	0.337015
346	0.000976562	1.39899	0.394906	1.1403	-0.419512	0.0225436	-0.225114
347	0.000976562	-0.704441	-0.813241	-0.788677	0.137742	0.365557	0.353909
348	0.000976562	-0.699135	1.03981	0.296327	0.218755	-0.219624	-0.0704598
349	0.000976562	-0.239928	-0.352637	1.76978	0.182357	0.0176475	-0.444745
350	0.000976562	0.757335	-1.53819	0.257007	-0.114972	0.449921	-0.0967801
351	0.000976562	0.567165	1.01711	-0.900197	-0.0502147	-0.215961	0.196435
352	0.000976562	1.60445	0.452084	0.119715	-0.392976	-0.180124	-0.125339
353	0.000976562	-1.63037	0.273278	0.379931	0.472321	-0.0170528	-0.168047
354	0.000976562	1.75617	0.703048	0.0555259	-0.613602	-0.170183	-0.0151197
355	0.000976562	-0.686251	0.576725	0.524112	0.149361	-0.189138	-0.0551042
356	0.000976562	-0.514725	0.256741	0.77124	-0.0128465	0.0617013	-0.106455
357	0.000976562	1.73079	0.303434	0.411976	-0.528807	-0.138132	-0.170614
358	0.000976562	-1.19665	-0.869879	1.21559	0.250828	0.256401	-0.345126
359	0.000976562	1.59882	0.275479	-0.980174	-0.419354	-0.0586691	0.251722
360	0.000976562	-0.702222	1.47916	-0.06711	0.311597	-0.484676	0.0753886
361	0.000976562	-1.30812	-0.728071	-0.876092	0.567605	0.304767	0.23396
362	0.000976562	-0.936745	-0.450509	1.3092	0.128476	0.138543	-0.285783
363	0.000976562	-1.26812	1.52665	0.873891	0.291942	-0.338572	-0.175829
364	0.000976562	-0.589174	0.135819	0.18531	0.11146	-0.0629929	-0.0488876
365	0.000976562	0.876043	0.215493	-1.51878	-0.17878	0.00865366	0.351597
366	0.000976562	-0.879963	-0.605296	-0.720048	0.182452	0.251021	0.0851417
367	0.000976562	-0.913479	0.439009	-0.356949	0.165485	-0.111678	-0.079302
368	0.000976562	-0.272721	0.58884	1.19339	0.0153637	-0.384769	-0.466692
369	0.000976562	0.311255	-0.825205	0.413763	0.0359588	0.19283	-0.229813
370	0.000976562	-0.693442	0.828893	-0.0409779	0.18925	-0.296462	-0.0214031
371	0.000976562	1.3926	0.272411	0.921363	-0.324503	-0.0313471	-0.0688256
372	0.000976562	1.26151	0.712725	-0.430404	-0.298808	-0.25348	0.0169035
373	0.000976562	-0.476889	1.67188	0.0392789	-0.0596213	-0.546525	-0.0749587
374	0.000976562	0.521771	1.43735	0.344279	-0.123013	-0.355548	-0.0254065
375	0.000976562	0.904771	-0.00361192	-0.220834	-0.211929	-0.0793402	-0.0690052
376	0.000976562	-0.494508	-0.880436	-0.0244041	-0.0525951	0.189146	-0.0401071
377	0.000976562	1.46103	-1.06701	0.066988	-0.260405	0.279521	0.09419
378	0.000976562	-1.06293	-0.655428	-1.01456	0.388473	0.259833	0.483549
379	0.000976562	-1.45923	-0.988905	-0.291164	0.391111	0.234007	0.0748406
380	0.000976562	-0.147997	-0.658609	1.57085	0.102037	0.312453	-0.374956
381	0.000976562	-0.0840103	-0.89023	-0.917824	0.100454	0.402594	0.103967
382	0.000976562	1.22096	-0.784936	-0.600993	-0.297462	0.11894	0.16384
383	0.000976562	-0.987909	-0.660958	-0.828429	0.494589	0.252606	0.24738
384	0.000976562	-0.670121	-1.65955	-0.369419	0.076505	0.534021	0.212361
385	0.000976562	1.77833	-0.764797	-0.392543	-0.433462	0.227312	0.184477
386	0.000976562	1.90232	0.881819	0.0662177	-0.451984	-0.325915	-0.0292441
387	0.000976562	1.12802	-1.35659	0.0602375	-0.32835	0.52647	0.245041
388	0.000976562	-0.549735	-0.414965	1.84568	0.156098	0.131558	-0.477669
389	0.000976562	-0.933705	-0.0188898	1.27152	0.305469	0.0369712	-0.481325
390	0.000976562	1.27085	1.07309	-1.01459	-0.382055	-0.264251	0.333599
391	0.000976562	0.0328106	-1.12129	-1.47578	0.0706515	0.443276	0.255611
392	0.000976562	-0.486766	1.18486	0.0786188	-0.0453109	-0.188396	-0.00571236
393	0.000976562	0.425416	0.518461	1.85279	0.0125316	-0.173794	-0.506095
394	0.000976562	-1.0617	-0.681136	-0.821696	0.541415	0.232411	0.247655
395	0.000976562	-0.764937	-0.377742	-1.50147	0.192724	0.0615624	0.509613
396	0.000976562	0.651701	-1.83607	0.0111172	-0.170287	0.535638	0.0592678
397	0.000976562	0.976153	0.842486	0.303576	-0.306433	-0.288385	-0.129838
398	0.000976562	0.659483	-1.66565	0.255014	-0.0845316	0.37738	-0.0905102
399	0.000976562	-0.517264	1.50421	-0.483337	0.0439936	-0.462146	0.376491
400	0.000976562	0.493527	-0.311974	1.74511	-0.0105164	0.00703733	-0.443658
401	0.000976562	-0.459171	0.324776	-2.0306	0.0640369	-0.0692893	0.482711
402	0.000976562	0.887738	-1.32825	0.047005	-0.0770078	0.348611	0.171317
403	0.000976562	0.684762	-0.82147	-1.52092	0.0639132	0.345395	0.508352
404	0.000976562	-0.373445	0.478462	-1.95319	0.0868484	-0.0485774	0.507557
405	0.000976562	0.291531	0.205527	1.30254	-0.0518088	0.0684425	-0.250179
406	0.000976562	-0.363956	0.46175	1.06202	0.0444139	-0.018826	-0.117745
407	0.000976562	1.7179	-0.646196	0.485862	-0.450257	0.080658	-0.0780428
408	0.000976562	-0.639928	0.801345	-0.0744655	0.0262292	-0.136163	0.0645605
409	0.000976562	0.932022	0.987024	-1.31416	-0.210808	-0.172233	0.343795
410	0.000976562	0.733879	1.3451	-1.21532	-0.215462	-0.460024	0.265372
411	0.000976562	-0.754224	-1.4785	-0.548723	0.296747	0.285371	0.333557
412	0.000976562	-0.841139	1.13198	0.922828	0.365652	-0.276485	-0.288139
413	0.000976562	0.856188	-0.86902	1.61492	-0.146564	0.462805	-0.342011
414	0.000976562	1.84614	0.212952	0.55258	-0.521182	-0.0244465	-0.210823
415	0.000976562	-0.0904206	-0.937733	-1.04152	-0.0442843	0.219131	0.194057
416	0.000976562	1.36031	0.00208509	-0.470629	-0.452156	0.10972	0.193455
417	0.000976562	0.684362	0.376048	1.56153	-0.16925	-0.102875	-0.377328
418	0.000976562	-0.56556	0.390388	1.43692	0.257508	-0.123826	-0.476257
419	0.000976562	0.100383	-1.50134	1.3529	0.0314073	0.435967	-0.322775
420	0.000976562	1.46709	-0.491339	1.06642	-0.376906	0.173795	-0.272038
421	0.000976562	1.98733	0.211504	-0.109784	-0.540266	-0.00389729	0.0372357
422	0.000976562	-0.887466	-0.728423	-0.131712	0.244915	0.161804	-0.0546035
423	0.000976562	-0.992233	-0.415055	-0.43365	0.286365	0.159608	-0.0694293
424	0.000976562	-1.33919	-0.361374	0.779525	0.363426	0.112668	-0.460949
425	0.000976562	-0.592018	1.16976	0.746505	0.0793974	-0.43609	-0.336547
426	0.000976562	-0.806275	-0.672668	-0.453953	0.145736	0.122974	0.0628068
427	0.000976562	-0.364573	-1.496	0.032356	0.190888	0.378357	-0.232991
428	0.000976562	-0.337053	-0.96883	-1.39866	0.0804086	0.39659	0.475018
429	0.000976562	0.457447	1.31184	1.13512	-0.135258	-0.162374	-0.25587
430	0.000976562	-1.55389	0.762904	0.895642	0.523582	-0.298113	-0.29569
431	0.000976562	1.22526	0.340994	-0.227583	-0.502822	-0.00016496	-0.0699571
432	0.000976562	-0.671839	1.61784	-0.0143939	0.207699	-0.474259	0.0604058
433	0.000976562	0.230239	0.991219	1.39637	-0.167402	-0.258788	-0.287033
434	0.000976562	0.681362	1.02351	0.0349182	-0.129443	-0.265521	-0.0361987
435	0.000976562	-0.534281	0.269074	-0.844243	0.0631616	-0.17646	0.192895
436	0.000976562	0.195016	-0.669659	1.04027	-0.0260528	0.267566	-0.209179
437	0.000976562	-0.962403	-0.530817	-1.05582	0.364941	0.204859	0.628613
438	0.000976562	1.82433	0.659945	0.1059	-0.613246	-0.245078	0.0505449
439	0.000976562	0.162124	-0.857314	0.473048	-0.0768971	0.307504	-0.170367
440	0.000976562	-0.309038	-1.18899	0.588843	0.0923244	0.317008	-0.205036
441	0.000976562	-0.50358	1.18979	-0.226868	0.122358	-0.28083	0.191862
442	0.000976562	-0.168264	1.25498	-0.213112	-0.170467	-0.271519	0.0494283
443	0.000976562	1.79681	-0.505032	0.471542	-0.575854	-0.00421836	-0.149574
444	0.000976562	1.1118	-1.27564	0.122218	-0.129212	0.459813	-0.109387
445	0.000976562	0.822464	-0.303481	-0.364627	-0.472366	0.374879	-0.0450905
446	0.000976562	0.321909	-0.068153	1.11238	-0.0801873	0.0334382	-0.232488
447	0.000976562	-1.6062	0.778561	0.846008	0.278011	-0.2318	-0.216214
448	0.000976562	0.381238	2.19291	0.0294521	-0.0863308	-0.42894	0.0146648
449	0.000976562	-1.46545	0.789015	0.605751	0.384379	-0.207791	0.0422002
450	0.000976562	0.354859	0.306534	1.77221	-0.108599	-0.0183265	-0.494181
451	0.000976562	-0.929227	0.380609	0.530631	0.287928	-0.169702	-0.213423
452	0.000976562	-1.04124	-0.121786	-0.264746	0.325315	-0.0891121	-0.12801
453	0.000976562	-0.196211	1.30268	-0.226054	-0.0149381	-0.416121	0.0431537
454	0.000976562	1.266	-1.26223	0.20439	-0.260936	0.339084	-0.0686525
455	0.000976562	1.2888	-1.14716	0.0731791	-0.384445	0.393836	0.174586
456	0.000976562	0.403415	-1.26183	1.0818	-0.151634	0.314642	-0.258868
457	0.000976562	-0.652075	-1.57379	-0.370904	0.228063	0.3214	-0.0927151
458	0.000976562	0.757802	-1.61072	-0.872606	-0.114844	0.432849	0.145233
459	0.000976562	1.38126	0.702811	-1.13694	-0.36741	-0.133496	0.356187
460	0.000976562	-1.47246	-0.253598	-0.28339	0.44358	-0.0932758	0.0450489
461	0.000976562	-1.33021	0.449208	0.212664	0.442559	-0.127119	0.039036
462	0.000976562	-1.33202	0.303867	-0.75586	0.194071	-0.367801	0.0990772
463	0.000976562	-1.08308	0.0679796	-0.714751	0.166417	-0.0235291	0.181388
464	0.000976562	-1.00662	-0.60629	-0.933594	0.188903	-0.059048	0.187593
465	0.000976562	-1.25006	1.12505	-0.689935	0.270967	-0.323517	0.191172
466	0.000976562	-0.481928	1.52733	-0.610626	0.143016	-0.38136	0.149221
467	0.000976562	0.513879	0.0775562	-1.44445	-0.143611	-0.0997482	0.420274
468	0.000976562	1.1175	0.719899	1.52339	-0.209556	-0.238314	-0.529271
469	0.000976562	-1.63805	-0.705687	0.697362	0.471274	0.305583	-0.15344
470	0.000976562	-0.306265	-0.215296	-0.874114	-0.0304552	0.0589052	0.260258
471	0.000976562	-0.45529	-0.875917	-1.40497	0.23394	0.148801	0.390882
472	0.000976562	0.750711	-0.774666	-1.57861	-0.345299	0.0513087	0.0901546
473	0.000976562	-0.612175	0.26795	-1.46259	0.00839461	-0.047967	0.393923
474	0.000976562	1.25495	0.0424333	-1.01462	-0.388	0.000692521	0.329355
475	0.000976562	0.458107	1.27317	-0.867866	-0.0447756	-0.309926	0.0838448
476	0.000976562	-0.721772	-1.26248	-0.190553	0.265628	0.411354	0.0308177
477	0.000976562	-0.792336	0.820088	-0.409164	0.330077	-0.172231	0.104069
478	0.000976562	-1.49277	-0.258887	-0.359865	0.503648	0.202374	0.0488785
479	0.000976562	1.80889	-0.00389234	0.948442	-0.446988	0.0447314	-0.209447
480	0.000976562	-0.640865	-1.59023	-0.404453	0.404848	0.635485	0.278659
481	0.000976562	0.84007	-0.951423	1.60551	-0.112133	0.181742	-0.305221
482	0.000976562	1.30904	-0.847357	-0.600088	-0.339683	0.425548	0.231228
483	0.000976562	1.20422	-1.06355	-0.652469	-0.335565	0.305592	0.170279
484	0.000976562	-1.58909	0.476118	-0.425688	0.676502	-0.0424481	0.0528382
485	0.000976562	0.741165	-0.899371	1.64742	0.0239045	0.262768	-0.4897
486	0.000976562	-1.4594	0.389843	-0.91623	0.432009	-0.237851	0.425575
487	0.000976562	0.786384	-0.336838	-0.406483	-0.282803	-0.116573	0.103103
488	0.000976562	-0.558901	1.23152	0.857408	-0.124529	-0.417237	-0.119235
489	0.000976562	-0.678855	-0.0591541	-0.491753	-0.0108511	0.00951773	-0.111924
490	0.000976562	-1.16434	0.0411126	-0.766718	0.0822529	-0.212697	0.18091
491	0.000976562	-1.35919	-0.24574	-0.168843	0.499788	0.0349384	-0.0855905
492	0.000976562	0.696442	0.925399	0.171083	-0.132665	-0.343268	-0.00616973
493	0.000976562	-1.23293	1.44883	0.104714	0.310571	-0.298101	-0.0686713
494	0.000976562	-0.637214	-0.806787	-1.62208	0.159562	0.212155	0.515269
495	0.000976562	0.7364	1.49363	-0.814086	-0.145686	-0.448007	0.0742072
496	0.000976562	1.60894	0.146972	0.501782	-0.381398	0.0532167	-0.172452
497	0.000976562	-0.703476	1.13254	-0.451729	0.253702	-0.359134	0.163406
498	0.000976562	-0.355303	1.27874	-0.134791	-0.0668671	-0.333103	0.0129659
499	0.000976562	-0.386213	0.786276	-1.15477	0.0642631	-0.237628	0.244442
500	0.000976562	-0.0287584	-0.862248	1.59619	-0.0130924	0.327656	-0.286059
501	0.000976562	-0.759951	1.71131	0.0490878	0.279343	-0.641335	-0.095328
502	0.000976562	-0.546927	1.10601	0.860525	0.344737	-0.349962	-0.469446
503	0.000976562	-0.330259	0.430673	1.178	0.0904985	-0.234616	-0.292481
504	0.000976562	0.608045	-1.68732	0.39905	0.0353292	0.392505	-0.0961883
505	0.000976562	-0.882019	-0.236857	-0.675454	0.128	0.0871847	0.284221
506	0.000976562	-0.607796	1.01781	0.771561	0.123692	0.0185144	-0.00450068
507	0.000976562	0.0870575	0.939045	-1.71228	0.207395	-0.330532	0.511026
508	0.000976562	-1.17353	-1.45823	0.296111	0.298277	0.370023	-0.171593
509	0.000976562	0.920687	0.302686	-0.949288	-0.349085	0.0382871	0.160415
510	0.000976562	1.30174	-0.806174	-0.941564	-0.411951	0.280092	0.279082
511	0.000976562	0.311445	-0.133136	-0.258022	-0.0254411	-0.0373009	0.0242961
512	0.000976562	-1.21272	0.0611828	-0.776837	0.547469	0.0076379	0.335139
513	0.000976562	1.20597	-0.523739	0.465355	-0.238079	0.028878	-0.123543
514	0.000976562	0.81389	-0.343876	-0.332672	-0.592086	0.104085	0.027036
515	0.000976562	-0.677022	1.17928	0.485451	0.242512	-0.339486	-0.0860647
516	0.000976562	1.06284	-0.31192	1.07325	-0.389099	0.109303	-0.197269
517	0.000976562	-0.34009	-1.53386	-0.0302147	0.130373	0.515961	-0.158083
518	0.000976562	-0.0294382	-0.868236	1.59928	0.0672424	0.0715116	-0.454143
519	0.000976562	-0.648056	-1.55023	-0.437015	0.0875173	0.45217	0.24758
520	0.000976562	-0.346918	1.5221	1.29331	0.0556707	-0.407686	-0.287616
521	0.000976562	0.796964	1.82881	-0.0369492	-0.164624	-0.436429	0.00120889
522	0.000976562	1.4439	1.33797	0.746664	-0.358687	-0.270888	-0.133448
523	0.000976562	1.29601	0.649674	-0.289649	-0.369093	-0.205931	0.100713
524	0.000976562	-0.0699313	0.478003	0.56318	-0.00643844	-0.117276	-0.126761
525	0.000976562	0.752513	-0.814911	1.65143	-0.19969	0.257952	-0.309803
526	0.000976562	0.512038	1.43695	-1.07299	0.0888682	-0.363553	0.129762
527	0.000976562	0.257213	0.287461	-1.11022	-0.0607687	-0.0952633	0.338066
528	0.000976562	-0.751975	-0.149104	-1.84035	0.134455	0.0202557	0.492922
529	0.000976562	1.08125	0.607656	1.4417	-0.400697	-0.327594	-0.308227
530	0.000976562	0.379165	0.284966	-0.911361	-0.00165643	-0.135819	0.14938
531	0.000976562	0.366657	-0.956781	-1.474	-0.157619	0.266764	0.28541
532	0.000976562	-0.593858	0.997578	0.745936	0.0663546	-0.127724	-0.100374
533	0.000976562	-0.435184	0.501408	1.10965	0.242927	-0.0327157	-0.402381
534	0.000976562	-0.612486	0.645487	-1.51644	0.199601	0.0142626	0.375794
535	0.000976562	-0.299299	-1.35432	-0.276227	-0.0978269	0.284699	0.0474183
536	0.000976562	-0.671818	-0.324867	-0.933727	-0.0235559	-0.00345099	0.338087
537	0.000976562	1.23328	0.849141	0.279062	-0.0373076	-0.358864	-0.000263859
538	0.000976562	0.189933	1.6865	0.90435	-0.000312582	-0.45047	-0.267531
539	0.000976562	0.289513	0.437549	1.47466	-0.109701	-0.153084	-0.429805
540	0.000976562	-0.471457	1.2345	0.845902	-0.0234713	-0.370214	-0.0787077
541	0.000976562	0.862807	0.284536	-0.771667	-0.188407	-0.330809	0.420754
542	0.000976562	-0.185483	0.728481	-1.66835	0.138062	-0.0811981	0.349211
543	0.000976562	-0.339872	-0.257267	0.094536	0.0255955	0.108407	-0.108735
544	0.000976562	0.227277	-0.574772	1.21163	0.0365197	0.182984	-0.288034
545	0.000976562	0.866115	-0.817122	-1.27111	-0.315288	0.32534	0.161476
546	0.000976562	0.276273	0.389927	1.32795	-0.161875	0.0205128	-0.280276
547	0.000976562	-0.817644	-0.73384	-0.685828	-0.124717	0.147249	0.19412
548	0.000976562	-1.37321	-0.250299	-0.170861	0.319087	-0.0159421	-0.12514
549	0.000976562	1.48371	0.286813	1.13455	-0.435285	-0.33595	-0.326137
550	0.000976562	-0.314401	0.530502	1.23473	-0.218979	-0.173103	-0.147457
551	0.000976562	-0.561538	-1.65765	-0.348259	0.122421	0.692934	0.190226
552	0.000976562	-0.376283	1.8167	0.205695	0.159939	-0.449283	-0.0175407
553	0.000976562	0.991497	1.69492	-0.215634	-0.137073	-0.390933	0.0689951
554	0.000976562	1.62809	-0.409295	-0.782124	-0.498394	0.0814779	0.276135
555	0.000976562	1.71125	-0.575747	0.357591	-0.389892	0.239692	-0.282401
556	0.000976562	-0.891961	-1.34735	-0.0384518	0.291784	0.504635	-0.0601291
557	0.000976562	0.929759	0.983599	-0.865134	-0.294481	-0.209479	0.0970287
558	0.000976562	0.188289	0.841692	-1.56359	-0.118752	-0.162912	0.238872
559	0.000976562	-1.23078	-0.0502829	-1.3162	0.359586	-0.0126977	0.398879
560	0.000976562	-0.188369	1.50558	0.411075	0.0807164	-0.451563	-0.196162
561	0.000976562	-0.641609	0.967122	-0.0438289	0.196334	-0.186443	-0.00422767
562	0.000976562	0.171038	-0.750905	0.491163	-0.0884942	0.233219	0.0602035
563	0.000976562	-0.909602	-0.735522	-0.0360228	0.322529	0.205397	-0.0955283
564	0.000976562	-1.70387	-0.248976	0.976629	0.385355	0.0545025	-0.313714
565	0.000976562	-0.812332	-0.739313	-0.694323	0.419912	0.188749	0.175337
566	0.000976562	1.49415	-1.13291	0.189372	-0.47124	0.360339	-0.153315
567	0.000976562	-1.57807	-0.488541	0.161915	0.482897	0.118383	-0.0593109
568	0.000976562	-0.946984	0.666646	0.0873506	0.31055	-0.183165	-0.116289
569	0.000976562	0.991948	-0.547118	0.034821	-0.19081	0.144267	-0.153576
570	0.000976562	1.34501	1.40607	0.912954	-0.300617	-0.292984	-0.222583
571	0.000976562	0.0911365	0.86904	-1.73535	-0.097447	-0.0962567	0.305339
572	0.000976562	-0.293945	1.58945	0.514589	0.100896	-0.315957	-0.0304
573	0.000976562	-0.909902	0.133934	1.23405	0.308031	-0.104555	-0.377027
574	0.000976562	-0.196895	-0.988777	-0.911741	-0.116354	0.278764	0.178135
575	0.000976562	0.813703	-0.350453	-0.374482	-0.279338	0.0594991	0.437176
576	0.000976562	1.62933	-0.57682	-0.826052	-0.463704	0.136893	0.235324
577	0.000976562	0.241672	1.7268	0.915825	-0.128868	-0.407618	-0.275973
578	0.000976562	0.0861369	0.920017	1.79276	-0.160171	-0.189183	-0.627968
579	0.000976562	-0.733685	-0.672659	0.0427301	-0.0299143	0.0874428	-0.0349187
580	0.000976562	0.818624	0.320807	0.983594	-0.169371	-0.077791	-0.207566
581	0.000976562	-0.507091	1.60956	-1.40861	0.112667	-0.351562	0.272845
582	0.000976562	-0.697049	1.15937	-0.379437	0.17987	-0.341734	0.356549
583	0.000976562	0.763522	-0.573046	-1.60205	-0.302311	0.297643	0.32665
584	0.000976562	-0.672502	1.52352	-0.066404	0.141074	-0.364694	0.149005
585	0.000976562	1.1135	-1.38061	0.0865288	-0.38797	0.350967	-0.176635
586	0.000976562	-0.984179	-0.239201	-0.544614	0.162662	0.00711916	0.0378854
587	0.000976562	1.23256	0.122904	1.4019	-0.13798	-0.124582	-0.558213
588	0.000976562	-0.301429	-0.123683	0.0229737	-0.0376085	0.000276433	0.0414493
589	0.000976562	-0.679394	-1.08331	-0.356032	0.143408	0.320588	0.0748286
590	0.000976562	-1.17916	1.05522	1.35585	0.296566	-0.229831	-0.326563
591	0.000976562	0.490339	0.0217598	-1.27387	0.0127105	0.0946912	0.225861
592	0.000976562	-0.565692	0.238376	0.693344	0.162457	-0.104493	-0.0514637
593	0.000976562	-0.969974	1.14652	-0.121667	0.499432	-0.325423	-0.00959094
594	0.000976562	-0.382269	1.35117	-0.167591	0.0638215	-0.440746	0.156616
595	0.000976562	0.848093	0.114475	-1.54698	-0.337369	-0.138637	0.392628
596	0.000976562	0.945542	1.00684	-1.51706	-0.21095	-0.163326	0.452811
597	0.000976562	0.300208	-0.604921	-0.201147	-0.0461842	0.176154	0.0185166
598	0.000976562	0.652092	0.206952	-1.31118	-0.14352	-0.146177	0.37265
599	0.000976562	1.20366	-0.588431	-0.908762	-0.316864	0.0859551	0.191136
600	0.000976562	-0.90823	-0.690298	-0.792826	0.144904	0.417229	0.119793
601	0.000976562	0.90078	-0.955945	-0.718951	-0.156025	0.311409	0.187319
602	0.000976562	-1.62246	0.194226	0.495414	0.468925	-0.0399054	-0.143177
603	0.000976562	-0.629283	1.43278	1.20821	0.230783	-0.314287	-0.199953
604	0.000976562	0.303286	-1.4588	0.850827	-0.0904764	0.346093	-0.191248
605	0.000976562	1.15623	-0.737582	0.521934	-0.285911	0.246114	-0.159513
606	0.000976562	0.735269	0.397713	-1.40908	-0.152812	-0.213883	0.417103
607	0.000976562	-1.4113	0.257709	-0.942802	0.491957	-0.282303	0.257988
608	0.000976562	-0.872035	-0.405387	-1.60207	0.12757	0.0287455	0.419467
609	0.000976562	0.726754	-0.418586	-0.604185	-0.319681	0.0689971	0.212694
610	0.000976562	1.17254	0.149979	0.735712	-0.306754	-0.0171163	-0.120896
611	0.000976562	0.0402167	0.837052	-1.69631	-0.249243	-0.183249	0.474483
612	0.000976562	-0.495723	-1.21228	-1.01782	0.133144	0.420439	0.304151
613	0.000976562	0.743376	-0.646643	-1.37711	-0.313157	0.132998	0.548401
614	0.000976562	-1.50419	0.386696	-0.774156	0.442079	-0.0547355	0.511507
615	0.000976562	-0.257765	1.54311	-0.769118	0.0210292	-0.413028	0.238637
616	0.000976562	0.714062	-0.463816	-1.78824	-0.16033	-0.0206071	0.368734
617	0.000976562	1.50593	0.423599	1.11604	-0.401481	0.0244817	-0.139514
618	0.000976562	-0.472629	-1.60721	-0.293165	-0.0501298	0.432839	0.152542
619	0.000976562	0.201716	1.7038	-0.916048	-0.00875978	-0.442414	0.173562
620	0.000976562	-0.834414	0.610774	0.00992024	0.170729	-0.120293	-0.00599502
621	0.000976562	-1.19091	-1.34884	-0.0993558	0.36393	0.419363	-0.0303148
622	0.000976562	1.46082	0.220641	1.11103	-0.340581	-0.282686	-0.186039
623	0.000976562	-1.56461	0.87571	-0.481191	0.361698	-0.288167	0.0871001
624	0.000976562	-0.530508	1.18133	0.777915	0.213777	-0.268489	-0.283434
625	0.000976562	0.624595	0.655233	0.559197	-0.117587	-0.252824	-0.152289
626	0.000976562	0.571358	0.432059	0.198487	-0.130652	-0.164183	-0.0120737
627	0.000976562	0.929655	-0.473038	-0.20574	-0.281452	0.113164	-0.132651
628	0.000976562	-0.397025	-1.03904	-0.691586	0.136014	0.361917	0.202928
629	0.000976562	-1.8057	-0.683708	-0.468475	0.494939	0.170435	0.10307
630	0.000976562	-1.05605	-0.644247	-1.18666	0.334003	0.126023	0.586583
631	0.000976562	0.742356	-0.72217	-1.54572	-0.2992	0.121588	0.253445
632	0.000976562	-1.34095	-0.401322	0.824578	0.364597	0.0180791	-0.186012
633	0.000976562	-1.36318	0.579519	-0.816315	0.295279	-0.336142	0.292602
634	0.000976562	1.60575	0.2832	-0.965754	-0.489951	-0.155691	0.122125
635	0.000976562	-1.21221	0.34945	0.724773	0.35944	0.00383505	-0.209659
636	0.000976562	1.28736	-1.23645	0.272159	-0.175807	0.325392	-0.111016
637	0.000976562	-0.24105	-1.21467	0.139005	0.109283	0.250862	-0.0900865
638	0.000976562	-0.915545	0.120752	-1.14689	0.234486	-0.096218	0.383416
639	0.000976562	1.75088	-0.610376	0.416056	-0.416685	0.0475447	-0.200022
640	0.000976562	-1.40487	0.194899	-0.935019	0.544659	-0.19022	0.344887
641	0.000976562	1.7451	-0.523372	0.353472	-0.614276	0.0146921	-0.0327588
642	0.000976562	1.2052	0.0977773	1.34448	0.0212006	0.254525	-0.368232
643	0.000976562	0.738653	0.238135	1.30845	-0.211833	-0.0701144	-0.257592
644	0.000976562	0.765743	-1.18651	-1.09745	-0.125007	0.363322	0.330042
645	0.000976562	1.63585	-0.929383	-0.00438124	-0.478978	0.0791777	0.203419
646	0.000976562	0.197716	0.734926	-0.914406	0.00145105	-0.263714	0.236246
647	0.000976562	-0.512237	-1.24232	-0.301116	0.00653994	0.308795	0.110851
648	0.000976562	0.583648	1.92416	0.792693	-0.205959	-0.46674	-0.106203
649	0.000976562	0.156463	-0.51725	-1.52829	0.000695791	-0.1042	0.494697
650	0.000976562	-0.208308	-1.33825	0.17853	-0.0554671	0.393263	-0.199615
651	0.000976562	0.159622	-1.05982	-1.49572	-0.126523	0.2907	0.369885
652	0.000976562	1.09422	-1.32405	0.302539	-0.424717	0.222129	0.0934201
653	0.000976562	0.116111	-1.19398	-0.0483908	-0.0239385	0.259127	-0.00752128
654	0.000976562	-0.474591	1.67463	0.0468303	0.0300634	-0.452467	0.120757
655	0.000976562	-0.258087	-0.791571	-1.67101	0.0836272	0.110142	0.526039
656	0.000976562	-0.648594	0.467148	0.894454	0.280792	-0.198583	-0.337561
657	0.000976562	0.179361	1.07161	-1.53242	-0.0502853	-0.320683	0.280111
658	0.000976562	0.586534	1.43942	-1.12207	0.150684	-0.515286	0.352326
659	0.000976562	-1.25007	0.9528	1.41956	0.24073	-0.335285	-0.265453
660	0.000976562	-1.02489	-0.585286	0.397296	0.287369	0.203757	-0.250225
661	0.000976562	-0.563086	0.623663	-0.0626926	0.0127768	-0.0977252	-0.0246204
662	0.000976562	0.497223	0.435677	-0.130254	-0.096143	-0.183981	0.0996602
663	0.000976562	-0.273787	1.60345	0.530741	-0.0889617	-0.411856	-0.12471
664	0.000976562	0.746796	-1.19099	-1.15875	-0.183487	0.403803	0.138757
665	0.000976562	-0.756398	-0.762222	-0.738404	-0.00333825	0.218249	0.110438
666	0.000976562	0.387679	-0.643704	1.15449	-0.140367	0.232443	-0.256847
667	0.000976562	-1.60902	-0.706003	0.604666	0.540969	0.304163	-0.279127
668	0.000976562	0.318074	-1.59967	-0.101527	-0.156631	0.483625	0.281131
669	0.000976562	-0.559292	0.464553	-1.43503	0.0819552	-0.293777	0.441395
670	0.000976562	0.776565	-0.0813878	-0.868957	-0.118546	0.109802	0.27821
671	0.000976562	-0.685976	0.169049	0.815799	0.274211	0.0844757	-0.234563
672	0.000976562	-0.0840413	1.33985	-0.425529	-0.062344	-0.416425	0.183433
673	0.000976562	-0.907383	-0.327537	-0.337937	0.287563	0.159653	-0.0508629
674	0.000976562	-1.52035	0.480333	-0.488895	0.364305	-0.215805	0.0564337
675	0.000976562	1.46483	-0.957665	0.0194698	-0.251509	0.218436	0.0457221
676	0.000976562	0.884255	0.307903	-0.973907	-0.0521454	-0.205482	0.132404
677	0.000976562	0.0263382	0.0610684	-1.65187	0.00244254	-0.0153215	0.451375
678	0.000976562	-0.56029	0.320893	-1.55438	0.0988906	-0.0609294	0.65635
679	0.000976562	-0.240432	-0.877577	-1.43009	0.215218	0.266937	0.190037
680	0.000976562	-0.60814	-1.57602	-0.396388	-0.125836	0.305797	0.292807
681	0.000976562	-0.79912	-0.590632	0.163047	0.233391	0.223628	-0.181415
682	0.000976562	-0.39635	-1.54654	-0.13729	0.000350318	0.475288	-0.234152
683	0.000976562	0.445247	1.42387	-1.03571	-0.0994675	-0.384518	0.241972
684	0.000976562	0.163712	1.78708	0.875444	0.130697	-0.511635	-0.0702811
685	0.000976562	0.89475	0.315694	-0.888909	-0.286249	-0.241756	0.265014
686	0.000976562	1.05057	0.188956	-0.792022	-0.298423	-0.1411	0.0565841
687	0.000976562	0.583346	0.0561255	-1.08509	-0.168322	-0.0864552	0.210171
688	0.000976562	1.51414	-0.374279	-0.89673	-0.387693	-0.0101743	0.28857
689	0.000976562	1.86695	0.0719169	0.332968	-0.523308	0.0438959	-0.0490286
690	0.000976562	0.783469	-0.881551	0.605575	-0.172122	0.252138	-0.172696
691	0.000976562	-0.120206	-0.509685	1.86462	-0.0566305	0.0128634	-0.516713
692	0.000976562	0.760275	-0.804835	-0.344396	-0.119268	0.298682	0.0485619
693	0.000976562	0.402313	-1.16859	-0.0906232	-0.163761	0.258987	0.0553796
694	0.000976562	-0.47786	-0.557587	0.504095	0.0616958	0.199768	-0.28367
695	0.000976562	-0.33396	-1.53856	-1.24369	0.0442725	0.442575	0.261631
696	0.000976562	0.636162	-1.65411	0.329576	-0.0647365	0.350797	-0.147956
697	0.000976562	1.65389	-0.880028	-0.0232188	-0.245828	0.20956	-0.0949244
698	0.000976562	1.52553	0.290727	-0.0335771	-0.359751	-0.00644109	0.0662997
699	0.000976562	0.0770632	0.87699	-0.319851	-0.189273	-0.242297	0.0665471
700	0.000976562	-1.55745	0.977155	-0.766641	0.372622	-0.234531	0.237835
701	0.000976562	-0.62302	0.547794	-1.48773	0.277039	-0.318227	0.487358
702	0.000976562	1.56835	0.230416	0.0267296	-0.203282	-0.0492278	0.043688
703	0.000976562	0.315496	1.50716	0.905606	-0.0539862	-0.301091	-0.259653
704	0.000976562	0.0603395	0.0860355	1.66884	0.096109	0.10243	-0.436983
705	0.000976562	0.872375	0.27625	-0.785898	-0.135594	-0.0833963	0.500837
706	0.000976562	-0.706664	0.381519	-0.858505	0.323956	-0.226812	0.235335
707	0.000976562	-0.0577539	-0.688378	0.0401937	-0.0443343	0.142138	-0.0164019
708	0.000976562	-1.19211	-1.26912	0.942817	0.208225	0.323433	-0.376021
709	0.000976562	-0.356209	-1.02352	1.53016	0.187237	0.297004	-0.353973
710	0.000976562	-0.311561	-1.69739	0.80225	0.204265	0.30999	-0.311077
711	0.000976562	-1.09141	0.510182	0.569736	0.168334	-0.0757507	-0.143199
712	0.000976562	1.87901	0.901433	-0.0909032	-0.415138	-0.278249	0.127737
713	0.000976562	0.742756	-0.470655	-0.578309	-0.382339	-0.0241831	0.0874222
714	0.000976562	-1.1601	0.128491	-0.738845	0.552121	-0.151108	0.278349
715	0.000976562	0.586983	-0.320098	1.78628	-0.260664	-0.0250976	-0.324425
716	0.000976562	1.06105	-1.24665	0.0411329	-0.332411	0.29421	-0.194247
717	0.000976562	0.881509	0.19331	-1.57171	-0.179709	0.0176552	0.481426
718	0.000976562	-0.0245303	-0.240619	-0.704797	-0.0340221	0.0539618	0.192244
719	0.000976562	0.351134	-0.725942	-1.20573	-0.0818108	0.147934	0.197595
720	0.000976562	0.940323	-1.08575	1.40544	-0.276187	0.32886	-0.236727
721	0.000976562	0.0879608	-1.0273	-1.49086	0.0257061	0.177904	0.240351
722	0.000976562	1.57654	-0.853899	-0.0744935	-0.513192	0.0677625	0.218005
723	0.000976562	-0.313596	-0.12475	1.06895	0.0402647	0.123126	-0.301238
724	0.000976562	-1.19494	0.191571	0.687916	0.363175	-0.0778224	-0.219916
725	0.000976562	0.993256	1.05737	-0.87559	-0.136276	-0.121694	0.0659969
726	0.000976562	-0.204178	0.291034	-0.905182	-0.0174606	-0.195027	0.174258
727	0.000976562	0.347878	0.333377	1.35974	-0.132565	-0.198297	-0.250372
728	0.000976562	-0.124781	0.432262	0.611126	-0.0909066	-0.10109	0.000469837
729	0.000976562	-0.210862	0.650677	1.30941	-0.0429447	-0.301155	-0.321969
730	0.000976562	0.949444	1.26914	0.622031	-0.226916	-0.322901	-0.113149
731	0.000976562	0.583333	0.0582271	-1.09113	-0.00259193	0.0840347	0.360822
732	0.000976562	0.141712	-1.73408	0.167744	-0.0529843	0.456726	-0.0943763
733	0.000976562	0.957212	-0.289208	-0.431335	-0.126144	0.127248	0.102917
734	0.000976562	-0.631405	0.0148053	-0.630152	0.00434011	-0.0560169	0.145558
735	0.000976562	0.568494	-0.372236	1.67285	-0.144562	0.0436534	-0.352232
736	0.000976562	-0.751394	0.894195	-0.419352	-0.00724762	-0.22418	0.0711826
737	0.000976562	1.70141	0.210443	0.39958	-0.411782	0.0649798	-0.140855
738	0.000976562	-0.725137	-0.731903	-1.51079	0.213965	0.213248	0.40095
739	0.000976562	0.424125	-1.5771	-0.102631	-0.0251512	0.436431	-0.0514928
740	0.000976562	-0.58064	1.25464	-0.436815	0.180484	-0.358856	0.222235
741	0.000976562	0.31495	-1.56223	-0.224853	-0.0049697	0.543624	-0.0660872
742	0.000976562	-0.78024	1.09062	0.653265	0.376423	-0.264937	-0.138921
743	0.000976562	-0.410558	1.09383	-1.41506	0.0909582	-0.282251	0.422695
744	0.000976562	0.959383	0.261035	-0.776066	-0.331232	-0.188278	0.0578213
745	0.000976562	-1.73282	-0.193093	-0.310882	0.663579	0.100363	0.118942
746	0.000976562	-0.269776	-0.933904	-1.51734	0.0952205	0.253648	0.298851
747	0.000976562	0.326312	-0.296389	1.09192	-0.111031	0.0949161	-0.207959
748	0.000976562	1.626	-0.732885	0.470603	-0.488305	0.239407	-0.264485
749	0.000976562	-0.322447	-1.82789	0.47501	0.0612582	0.51997	-0.204828
750	0.000976562	-1.6169	0.503151	0.0177885	0.474661	-0.186862	-0.0900547
751	0.000976562	0.909642	0.319688	-0.907155	-0.0779804	0.0350077	0.229282
752	0.000976562	-1.30342	0.411196	0.176037	0.252925	-0.00704601	0.00542358
753	0.000976562	-0.556627	1.2052	0.694261	-0.185734	-0.409638	-0.266392
754	0.000976562	0.806768	-0.0207262	-1.88063	-0.187237	-0.0588501	0.485278
755	0.000976562	-0.49735	-0.00164212	-0.250155	0.0121848	-0.149118	0.0105307
756	0.000976562	-1.24086	0.295193	-0.749121	0.354364	-0.272367	0.109656
757	0.000976562	-0.208965	-1.50415	0.968192	0.056089	0.331384	-0.295383
758	0.000976562	0.742308	-0.816481	-1.14523	-0.129612	0.246232	0.136745
759	0.000976562	-1.30888	1.23859	-0.231532	0.381535	-0.363035	0.0747112
760	0.000976562	0.398919	1.32498	-1.6242	-0.0705752	-0.314668	0.367247
761	0.000976562	0.73811	-0.616572	0.975633	-0.171437	0.155723	-0.154176
762	0.000976562	0.863499	0.0336746	-0.667406	-0.280832	0.0282763	0.275629
763	0.000976562	-0.0567052	0.890992	1.61587	0.13275	-0.108974	-0.325088
764	0.000976562	0.377509	-1.16228	-0.220035	-0.0789159	0.32828	0.0645941
765	0.000976562	0.651438	-1.18869	1.00753	-0.204792	0.322847	-0.223066
766	0.000976562	1.2682	0.0238217	1.30548	-0.0861135	-0.0493641	-0.230173
767	0.000976562	-0.988877	0.234732	1.64197	0.393613	-0.0250879	-0.421771
768	0.000976562	0.74833	1.27885	-1.30369	-0.370095	-0.338977	0.299871
769	0.000976562	0.14345	-0.802247	0.4359	-0.207833	0.136926	-0.353019
770	0.000976562	-0.202039	0.406348	0.580288	-0.243706	-0.116374	-0.0572065
771	0.000976562	0.362869	-1.21106	-0.107181	-0.149033	0.187935	0.249588
772	0.000976562	-0.551584	1.22746	-0.286512	0.0420059	-0.254529	0.0430683
773	0.000976562	1.006	1.32736	-0.659526	-0.266141	-0.358739	0.0274619
774	0.000976562	0.143066	-1.33739	1.38821	-0.0262754	0.374477	-0.467786
775	0.000976562	0.58718	-1.56529	0.25042	-0.0925208	0.536684	-0.306241
776	0.000976562	0.645986	0.586162	0.467085	-0.208992	-0.0669989	-0.193752
777	0.000976562	1.16287	-0.920368	-0.495604	-0.253971	0.212261	0.0968833
778	0.000976562	-1.03333	-0.26452	-0.575034	0.404402	0.0726268	0.0360041
779	0.000976562	0.116539	-1.15462	-0.722754	-0.131122	0.375629	0.177606
780	0.000976562	1.46981	0.243182	-0.369999	-0.368798	-0.0988038	-0.14767
781	0.000976562	0.331505	-0.432616	-0.618651	-0.0559891	0.120347	0.17084
782	0.000976562	1.62955	0.46755	-0.731467	-0.417803	0.0227709	0.287926
783	0.000976562	-0.213674	-0.869103	-0.87461	-0.133346	0.433137	0.130845
784	0.000976562	-0.810297	-0.237967	1.17357	0.126608	0.145163	-0.338032
785	0.000976562	1.58621	0.480865	0.0607713	-0.271386	-0.0527314	-0.0643699
786	0.000976562	-1.0623	-0.302545	0.328851	0.330527	-0.183092	-0.139345
787	0.000976562	0.450926	-0.138534	0.751841	-0.166959	0.0824362	-0.140401
788	0.000976562	1.19956	1.71353	-0.228711	-0.233968	-0.432194	0.0802676
789	0.000976562	0.622228	-0.354521	1.65299	-0.26024	0.257837	-0.409162
790	0.000976562	-0.106692	-0.429271	1.77448	0.0527311	0.0374172	-0.342846
791	0.000976562	-0.305606	-0.632502	0.345166	-0.0319961	0.116691	-0.0997715
792	0.000976562	-0.282207	-0.816519	-0.871988	0.154395	0.064188	0.132186
793	0.000976562	-1.53164	0.85226	0.64789	0.469367	-0.368068	-0.0927813
794	0.000976562	1.32176	0.456033	-0.0933745	-0.357076	-0.0188306	0.0622266
795	0.000976562	0.113127	0.948104	-1.72882	-0.0924587	-0.0234004	0.372494
796	0.000976562	-0.881859	0.26789	1.61695	0.265752	-0.0145308	-0.371005
797	0.000976562	-0.134544	0.544209	-1.81859	-0.0261746	-0.0355393	0.477767
798	0.000976562	-0.579442	0.237221	-1.43578	0.280876	0.144506	0.394097
799	0.000976562	-1.69746	-0.735275	0.761812	0.411258	0.173906	-0.132022
800	0.000976562	-0.882093	-0.54825	-0.975582	0.287269	0.182104	0.253369
801	0.000976562	0.306448	-0.720039	-1.43569	-0.0795311	0.129036	0.322978
802	0.000976562	-0.106197	0.127028	1.15891	-0.0171142	0.0692283	-0.287948
803	0.000976562	0.160327	-1.31741	1.34893	-0.0250024	0.220832	-0.282517
804	0.000976562	-0.730833	0.387643	-1.51422	0.199642	-0.302549	0.343799
805	0.000976562	0.0718289	0.101936	1.65457	-0.0599348	-0.186378	-0.435881
806	0.000976562	-1.05059	1.38099	-1.18487	0.212245	-0.318903	0.170995
807	0.000976562	0.487583	-1.64005	0.823474	-0.132916	0.401328	-0.268454
808	0.000976562	-0.000379717	-0.881799	1.59516	0.0638141	0.480272	-0.475239
809	0.000976562	0.650251	-1.79465	0.574937	-0.219989	0.445881	-0.268685
810	0.000976562	-0.589329	0.557345	-1.4458	0.339452	-0.0877274	0.24769
811	0.000976562	-0.258976	0.593221	1.18802	-0.0716062	-0.131327	-0.106686
812	0.000976562	0.211007	0.944321	1.47406	-0.0361835	-0.184078	-0.344972
813	0.000976562	-1.35401	-0.403946	0.748292	0.372678	-0.0241429	0.00777694
814	0.000976562	0.781565	-0.289297	-0.429944	0.144194	0.0952013	0.0852695
815	0.000976562	1.55568	-0.878379	0.482015	-0.313223	0.313698	-0.101964
816	0.000976562	0.767914	-0.480747	-1.36227	-0.122442	0.0610172	0.247448
817	0.000976562	0.308428	1.23018	0.912012	-0.0620598	-0.187875	-0.138791
818	0.000976562	1.43001	-0.928119	0.00890997	-0.443475	0.302708	0.00246731
819	0.000976562	-0.00445381	-0.691769	0.686169	0.034467	0.176292	-0.258411
820	0.000976562	-0.581972	0.459674	-0.288291	0.0366847	-0.143934	0.0881844
821	0.000976562	1.18313	1.0843	0.788353	-0.271396	-0.232675	-0.198954
822	0.000976562	0.527473	1.56593	0.828189	-0.229419	-0.432631	-0.0143454
823	0.000976562	1.16579	-0.721124	-0.996724	-0.276342	0.241326	0.268405
824	0.000976562	0.586426	0.317049	0.0440814	-0.248652	-0.0778944	0.015727
825	0.000976562	-1.2276	-1.02512	0.130759	0.41158	0.304236	-0.108239
826	0.000976562	-0.394242	1.77196	0.222384	0.0727933	-0.616851	-0.151595
827	0.000976562	-0.967344	-0.492283	1.3055	0.245712	0.247449	-0.540737
828	0.000976562	0.835771	-0.83803	1.61784	-0.403374	0.0647105	-0.386242
829	0.000976562	-1.78771	-0.0622196	0.821613	0.484874	-0.0927941	-0.00495093
830	0.000976562	-0.15996	-0.720431	-0.373627	-0.0548608	0.168505	0.069168
831	0.000976562	-1.44984	-0.518466	0.73358	0.573497	0.207244	-0.240774
832	0.000976562	1.56347	-0.779813	0.476559	-0.253799	0.107087	-0.270304
833	0.000976562	-0.279166	-1.64272	-0.276205	-0.0958883	0.58203	0.160896
834	0.000976562	-0.719909	-1.00751	-0.402986	0.175762	0.294749	0.266603
835	0.000976562	-0.875233	-0.471704	1.76259	0.188319	0.112049	-0.434609
836	0.000976562	-0.323442	0.969838	-1.63759	0.148074	-0.357536	0.305589
837	0.000976562	0.0286632	-0.0922596	0.222659	-0.153864	-0.0967173	-0.251322
838	0.000976562	0.7475	1.37477	-1.21882	-0.00220774	-0.511777	0.209439
839	0.000976562	-0.265531	-1.86705	0.513848	0.162386	0.368299	-0.0620703
840	0.000976562	0.371898	-1.16579	-0.0293028	-0.123597	0.272789	-0.164561
841	0.000976562	0.615871	0.678516	0.377064	-0.108432	-0.257518	-0.171771
842	0.000976562	-1.26801	-1.02262	-1.08776	0.347746	0.399945	0.268596
843	0.000976562	1.01714	0.125633	0.76012	-0.221978	0.0348917	-0.141672
844	0.000976562	1.45744	0.228257	-0.0948671	-0.434363	0.00934694	0.167184
845	0.000976562	-0.568791	0.234242	-1.42758	-0.0863331	0.0222025	0.28341
846	0.000976562	1.12165	-0.277432	1.07093	-0.154683	0.153404	-0.26985
847	0.000976562	1.00284	-0.799869	1.6521	-0.30342	0.158728	-0.345183
848	0.000976562	-1.47574	-0.596589	0.713815	0.398883	0.112172	-0.00166945
849	0.000976562	-0.783782	-0.786666	-0.205612	0.208859	0.333034	0.105377
850	0.000976562	-0.506078	0.0863905	-1.14514	0.0604164	-0.0157209	0.337919
851	0.000976562	-0.0324517	1.24979	1.6096	0.00262072	-0.42045	-0.403057
852	0.000976562	0.789672	-1.01971	1.60026	-0.261816	0.266386	-0.356025
853	0.000976562	-0.271324	-0.867652	-1.25382	0.0225794	0.214607	0.469728
854	0.000976562	0.623313	-0.35709	1.75091	-0.261459	0.110664	-0.658336
855	0.000976562	0.12871	-0.67978	-1.55364	-0.0514059	-0.0318106	0.333426
856	0.000976562	0.837743	0.2683	-0.749063	-0.0694141	-0.0508205	0.316931
857	0.000976562	-0.80463	-0.873676	-0.0511768	0.331282	0.437141	-0.0836127
858	0.000976562	0.484132	1.27796	1.17581	-0.223567	-0.377338	-0.26207
859	0.000976562	-1.81392	0.453886	-0.273028	0.699161	-0.0303138	0.001761
860	0.000976562	-1.02942	0.146412	-1.63307	0.261799	-0.0667289	0.453619
861	0.000976562	0.78282	-0.831791	-1.51888	-0.182991	0.151198	0.511928
862	0.000976562	0.889904	-0.0656013	-0.810033	-0.338965	0.0353408	0.261437
863	0.000976562	-0.739648	-0.434471	1.79727	0.277608	0.159037	-0.399827
864	0.000976562	0.282332	-0.494104	1.22747	-0.129185	0.107089	-0.338785
865	0.000976562	1.29205	-0.258382	0.890531	-0.359256	0.0903346	-0.168786
866	0.000976562	-1.24996	-1.19684	0.783207	0.250327	0.401146	-0.112872
867	0.000976562	-1.21341	-0.915891	-1.15319	0.282595	0.353782	0.389917
868	0.000976562	-0.466608	1.99135	-0.526911	0.0769288	-0.466236	0.151805
869	0.000976562	-0.750499	-1.61745	-0.4903	0.302923	0.553262	0.260576
870	0.000976562	-1.38962	-0.852466	-0.908555	0.551786	0.344282	0.229388
871	0.000976562	1.44817	1.07652	0.235731	-0.362574	-0.397979	-0.0717684
872	0.000976562	-0.826122	-0.654615	0.16751	0.13174	0.3047	-0.0993831
873	0.000976562	0.946112	-0.487332	-0.263613	-0.402737	0.225747	-0.196733
874	0.000976562	1.8417	0.635617	0.106969	-0.296461	-0.142724	-0.0192601
875	0.000976562	-0.541917	1.25831	0.81074	0.352963	-0.157682	-0.310268
876	0.000976562	1.2648	0.819607	0.259755	-0.290882	-0.161667	-0.139705
877	0.000976562	-0.199842	-1.21407	0.167968	-0.11687	0.246231	-0.174982
878	0.000976562	0.496983	-1.71606	0.414813	-0.101546	0.381372	-0.0890871
879	0.000976562	0.154056	-1.34836	1.19286	-0.0149891	0.417287	-0.282265
880	0.000976562	0.0559299	0.903548	-0.402499	0.0642279	-0.330324	0.0900525
881	0.000976562	0.944206	0.864252	0.290837	-0.0928839	-0.191365	-0.0326537
882	0.000976562	1.57295	0.34634	0.222679	-0.346537	-0.142828	-0.232682
883	0.000976562	-0.803649	1.82883	0.0867244	0.254488	-0.487728	-0.0795489
884	0.000976562	-0.596452	0.304702	-1.52158	0.0792312	-0.0559332	0.454135
885	0.000976562	-0.766916	-0.777186	-0.125539	0.343739	0.112225	-0.123653
886	0.000976562	0.772641	-0.673724	-1.42673	-0.285228	0.101686	0.499397
887	0.000976562	0.147733	1.45944	-0.344794	-0.128769	-0.421043	0.0816522
888	0.000976562	-0.0619851	-0.817614	1.48371	0.0435228	0.210062	-0.172615
889	0.000976562	0.789804	0.0876755	1.37201	-0.216661	-0.0448959	-0.266467
890	0.000976562	-0.558047	1.01594	0.691688	0.0917479	-0.260346	-0.210793
891	0.000976562	1.09177	0.226014	0.837807	-0.224342	-0.151971	-0.182934
892	0.000976562	0.919179	-0.0631604	-0.645433	-0.363251	-0.036579	0.0991761
893	0.000976562	1.23885	-0.42123	0.333505	-0.214745	0.065184	-0.176574
894	0.000976562	-0.932027	1.30381	0.226303	0.309322	-0.308705	-0.112913
895	0.000976562	1.07604	0.744433	1.66125	-0.303513	-0.27173	-0.265953
896	0.000976562	0.789186	-0.0131317	-0.880674	-0.128419	0.064452	0.286704
897	0.000976562	-0.278953	-1.12342	0.736947	0.0728291	0.257757	-0.29017
898	0.000976562	-1.64897	0.394222	-0.298705	0.399395	0.00280441	-0.0277685
899	0.000976562	1.11871	0.559968	-0.870762	-0.404527	-0.158138	0.247934
900	0.000976562	-0.356631	-1.50707	0.0588406	0.0763802	0.573325	0.066787
901	0.000976562	-1.29754	0.374758	-0.766484	0.425197	-0.234044	0.141291
902	0.000976562	-1.03158	-0.415846	1.17686	0.172487	0.18611	-0.292996
903	0.000976562	-0.0625106	1.20473	-0.96712	0.0262272	-0.31358	0.222237
904	0.000976562	-0.684191	0.494018	-1.50634	0.0950801	-0.381165	0.362027
905	0.000976562	-0.825795	0.767784	1.42105	0.252221	-0.215144	-0.373727
906	0.000976562	0.564226	0.0838031	-1.40265	-0.00968406	-0.0187915	0.561425
907	0.000976562	-0.0493843	1.09934	-1.24503	0.020543	-0.288924	0.271948
908	0.000976562	-0.17775	0.161252	-0.956965	-0.0122621	0.0168236	0.294533
909	0.000976562	-0.896333	-1.1923	0.127849	0.297749	0.373248	-0.206667
910	0.000976562	-1.20237	1.38258	0.131134	0.311863	-0.357077	-0.0704231
911	0.000976562	0.913727	-0.245868	-0.410284	0.0188964	0.210731	0.117013
912	0.000976562	-0.32236	0.0824795	0.732915	-0.0641023	0.121945	-0.143077
913	0.000976562	-0.487565	-0.288943	-0.208711	-0.0103596	0.0978572	0.037951
914	0.000976562	1.43805	0.387194	1.10098	-0.335976	-0.372299	-0.259562
915	0.000976562	-0.246993	0.359604	1.56143	0.156823	-0.0875629	-0.452466
916	0.000976562	-0.18871	-1.36499	-0.182156	-0.00133175	0.279448	0.0858435
917	0.000976562	-0.356109	0.943031	1.40625	0.199064	-0.302744	-0.365046
918	0.000976562	0.199623	-1.32948	1.1346	-0.0599907	0.239407	-0.189872
919	0.000976562	-0.410213	-0.757449	-0.894834	0.125968	0.0866503	0.298362
920	0.000976562	-0.16191	0.369232	1.7592	0.0276692	-0.0882617	-0.572327
921	0.000976562	0.809379	1.39937	-1.12972	-0.264109	-0.293183	0.336094
922	0.000976562	0.924124	0.256773	-1.58262	-0.378788	-0.202913	0.459489
923	0.000976562	-0.369543	-0.648972	0.415363	0.0625357	0.218238	-0.272237
924	0.000976562	-0.302446	0.453311	1.16481	0.186958	-0.167568	-0.345825
925	0.000976562	0.892897	0.520718	1.67584	-0.194519	-0.140169	-0.445782
926	0.000976562	-0.94364	0.0805349	1.06118	0.327895	-0.0181858	-0.263989
927	0.000976562	-1.22593	-1.2425	0.782577	0.387905	0.316135	-0.339075
928	0.000976562	1.25663	1.63977	-0.181685	-0.236925	-0.42927	0.0734547
929	0.000976562	0.914241	-1.22615	-0.804947	-0.219578	0.391455	0.173051
930	0.000976562	-1.58677	1.13099	-0.768891	0.365664	-0.346311	0.18216
931	0.000976562	1.07588	-0.435537	1.04811	-0.232666	0.132083	-0.243206
932	0.000976562	-0.0635577	0.860713	1.64204	0.275568	-0.304742	-0.541323
933	0.000976562	0.613988	-0.357089	-0.359465	0.0867437	0.0800026	-0.114035
934	0.000976562	1.31686	1.47375	0.767953	-0.253267	-0.377761	-0.0985698
935	0.000976562	-0.455707	-0.230294	-0.0611048	0.110049	0.0205186	-0.06859
936	0.000976562	-0.935999	-0.285117	1.17305	0.302802	0.0667419	-0.311428
937	0.000976562	-1.73223	0.456083	-0.197586	0.489476	-0.156599	-0.0849334
938	0.000976562	-1.56316	-0.69431	0.696217	0.453826	0.0540142	0.0724457
939	0.000976562	0.590431	1.68848	0.00394893	-0.103388	-0.393228	0.0235155
940	0.000976562	-0.756178	-0.0831233	-0.569	-0.165226	-0.127733	0.105308
941	0.000976562	0.667564	0.511405	1.79729	-0.186241	-0.114242	-0.479571
942	0.000976562	1.49185	0.316532	-0.0752891	-0.392821	-0.0475641	0.0446659
943	0.000976562	0.57409	0.386839	-0.949453	-0.0500104	-0.258249	0.244312
944	0.000976562	-1.20148	0.108394	-0.812258	0.307991	-0.139609	0.416038
945	0.000976562	0.0355431	0.835365	-0.432634	-0.00699674	-0.14032	0.184674
946	0.000976562	-0.832448	-0.614524	-1.58106	0.230875	0.138125	0.499465
947	0.000976562	-0.187858	0.430701	0.610734	0.123916	-0.267075	-0.113148
948	0.000976562	-0.84361	-0.843854	-0.242143	0.464266	0.284942	0.189974
949	0.000976562	-0.320162	-1.04662	1.27694	0.129297	0.282079	-0.266595
950	0.000976562	0.537092	1.07472	0.777906	-0.169109	-0.230248	-0.137095
951	0.000976562	-0.536838	1.53841	-0.475818	0.181267	-0.479121	0.172529
952	0.000976562	0.338871	1.76778	0.943422	-0.140245	-0.356839	-0.234773
953	0.000976562	1.30309	0.117142	1.31679	-0.438448	0.030903	-0.312568
954	0.000976562	-0.435802	-1.5544	-0.13998	-0.0420084	0.549283	0.15722
955	0.000976562	-0.836215	-0.0951972	-1.3368	0.198813	0.0117585	0.418788
956	0.000976562	-1.5171	0.676951	0.928505	0.263437	-0.240857	-0.281253
957	0.000976562	1.57826	0.445086	0.224228	-0.301971	0.069524	-0.18594
958	0.000976562	-0.402767	1.38066	1.47681	0.117941	-0.333541	-0.366638
959	0.000976562	-0.199844	-0.626419	-1.8051	0.0481521	0.028554	0.514183
960	0.000976562	1.27226	0.675134	-0.292677	-0.178853	-0.352786	0.133387
961	0.000976562	-1.14152	1.35953	0.170488	0.534643	-0.421058	-0.0287082
962	0.000976562	-1.58692	-0.697112	0.71892	0.488721	0.37391	-0.18366
963	0.000976562	0.740627	-0.815092	1.11298	-0.201888	0.251022	-0.262303
964	0.000976562	0.110926	-1.03579	-1.51567	0.106409	0.268865	0.641186
965	0.000976562	1.44383	-0.982358	0.0770614	-0.430171	0.351087	-0.269384
966	0.000976562	-0.957348	0.43284	0.586719	0.332915	-0.115253	-0.0530268
967	0.000976562	0.625433	0.48635	0.212939	-0.139036	-0.15869	0.0203684
968	0.000976562	0.615186	0.549962	0.276022	-0.250726	-0.15441	-0.128005
969	0.000976562	1.68323	0.645132	-0.818375	-0.472565	-0.209073	0.182983
970	0.000976562	-1.34827	0.521818	0.87885	0.326442	-0.0931161	-0.310598
971	0.000976562	0.201854	0.915992	1.53661	-0.247774	-0.31975	-0.300066
972	0.000976562	1.52036	-0.856227	-0.472683	-0.444019	0.254006	0.223825
973	0.000976562	-0.0272344	0.901634	-1.8059	0.0276114	-0.263191	0.431349
974	0.000976562	-0.659014	-1.12511	-0.193327	0.0612597	0.352422	-0.0845221
975	0.000976562	-0.142306	1.1798	-0.494257	0.0198529	-0.295729	0.232713
976	0.000976562	1.28618	-1.15948	0.710866	-0.278921	0.301415	-0.270831
977	0.000976562	-0.511495	0.263389	1.6547	0.142244	0.0185938	-0.502563
978	0.000976562	-0.881016	-0.707239	-0.755228	0.348991	0.193103	0.178202
979	0.000976562	-0.302286	0.491638	1.1551	0.103514	0.127722	-0.40052
980	0.000976562	0.219086	0.311756	1.34867	-0.0661244	-0.159129	-0.26221
981	0.000976562	-0.704315	-0.142044	1.1342	0.096127	0.0633715	-0.310028
982	0.000976562	-1.30626	-0.331504	0.824571	0.215428	-0.120209	-0.315809
983	0.000976562	0.912634	0.0909491	0.773234	-0.0959444	0.0177746	-0.142424
984	0.000976562	1.28805	0.382024	-0.199188	-0.433369	-0.107434	-0.021719
985	0.000976562	-0.589561	-0.280592	-0.927127	0.102919	0.0773575	0.360057
986	0.000976562	-0.604655	-1.53198	1.05718	0.138692	0.384308	-0.209599
987	0.000976562	0.49244	0.00217683	-1.26084	0.0186764	0.00122658	0.503788
988	0.000976562	-0.601621	1.61286	0.0104424	0.0528846	-0.55668	0.132796
989	0.000976562	0.0582706	-0.129092	-0.518713	-0.0165503	-0.0198233	0.0913712
990	0.000976562	0.428853	-0.162309	-0.55949	-0.0279611	-0.067694	0.145989
991	0.000976562	0.73648	-0.371183	-1.71687	-0.207454	0.00904222	0.388051
992	0.000976562	-0.928098	-0.1468	-0.498351	0.199563	-0.0665596	-0.0644497
993	0.000976562	-0.384048	-1.77178	0.477125	0.013358	0.56589	-0.172698
994	0.000976562	1.31668	1.06882	-0.976503	-0.143271	-0.335592	0.210068
995	0.000976562	1.25801	0.996192	-0.984643	-0.395316	-0.38656	0.267402
996	0.000976562	-1.59973	-0.333258	0.907908	0.490265	-0.00404052	-0.33789
997	0.000976562	1.04652	0.484576	1.56092	-0.268109	-0.0651532	-0.411848
998	0.000976562	-1.60574	0.219514	0.485216	0.399679	-0.12972	-0.0384621
999	0.000976562	1.23671	1.51927	-0.113554	-0.270094	-0.284356	-0.0296552
1000	0.000976562	1.25244	0.0826279	1.3291	-0.663804	0.0212077	-0.282975
1001	0.000976562	-0.00118644	0.892348	1.66883	-0.0424467	-0.248099	-0.336512
1002	0.000976562	0.885618	0.417751	-0.79185	-0.294751	-0.168239	-0.00224176
1003	0.000976562	-1.00989	-0.619688	-0.857674	0.473802	-0.0646994	0.0830329
1004	0.000976562	1.45087	0.0163208	1.28727	-0.492396	0.142851	-0.254282
1005	0.000976562	-0.121839	-0.124022	0.223685	-0.143352	0.0242787	-0.0792594
1006	0.000976562	-0.930417	-1.63213	-0.492769	0.391014	0.45267	0.108716
1007	0.000976562	1.12101	0.711244	1.53704	-0.283244	-0.172052	-0.241771
1008	0.000976562	-0.489892	-1.60949	-0.0246229	-0.0426581	0.343194	-0.198008
1009	0.000976562	-0.505016	1.44451	0.214999	0.0799434	-0.394881	-0.112359
1010	0.000976562	-0.123522	0.342159	-1.02098	-0.00678652	-0.180696	0.338382
1011	0.000976562	0.163877	-0.575499	-1.46138	0.0158092	0.118429	0.38261
1012	0.000976562	1.15523	-0.522235	-0.742905	-0.351677	0.116325	0.249745
1013	0.000976562	-0.749942	0.938439	-0.473936	0.195708	-0.21631	0.255396
1014	0.000976562	1.06212	0.339163	-0.636098	-0.420237	-0.154709	0.0974945
1015	0.000976562	-0.362779	-0.446432	1.28849	0.107693	0.174468	-0.300468
1016	0.000976562	-0.0132014	0.846771	1.62478	-0.147848	-0.207444	-0.501961
1017	0.000976562	-0.824063	-1.50981	-0.109298	0.303368	0.467421	-0.0859737
1018	0.000976562	-1.31292	1.03083	-0.452376	0.305601	-0.319277	0.126362
1019	0.000976562	0.251146	1.49365	0.95199	-0.0452388	-0.21559	-0.0251627
1020	0.000976562	0.297346	0.893859	-1.79441	-0.209525	-0.153209	0.467406
1021	0.000976562	-1.56239	0.470547	-0.417015	0.447171	-0.0760418	0.160512
1022	0.000976562	-1.28039	0.209589	-0.725309	0.275697	-0.219352	0.302907
1023	0.000976562	0.855617	-1.64933	0.188919	-0.309494	0.575854	0.000625201
