5.000000e+00
1024
0	0.000976562	0.114425	0.595327	0.378692	-0.124211	-0.396912	-0.128934
1	0.000976562	0.0926372	-0.14863	0.379106	-0.107863	0.125093	-0.26898
2	0.000976562	-0.366911	0.856115	-0.110521	0.0200715	-0.20723	-0.0929917
3	0.000976562	0.944101	0.11308	0.921681	-0.327166	-0.0283233	-0.738725
4	0.000976562	1.01818	0.265915	0.00423929	-0.779856	0.120865	0.442499
5	0.000976562	-0.640583	0.733161	-0.030369	0.496681	-0.488957	0.0893018
6	0.000976562	0.195024	0.387492	1.23959	-0.1956	-0.190644	-0.810804
7	0.000976562	0.398063	-0.208003	-0.407423	-0.0846952	0.0764354	0.251279
8	0.000976562	-0.57207	-0.517398	-0.186253	0.565795	-0.0127288	-0.585556
9	0.000976562	-0.935876	-0.731208	0.634065	0.382871	0.558971	-0.307437
10	0.000976562	-0.726582	-0.0444042	-0.309213	0.535401	-0.00585486	0.455013
11	0.000976562	-0.890577	-0.683322	-0.178547	0.827418	0.709366	0.146023
12	0.000976562	-0.57188	-0.933689	-0.34245	0.477598	0.632182	0.505219
13	0.000976562	-0.293597	-1.21885	0.490309	0.0917903	0.586617	-0.447922
14	0.000976562	0.166423	-0.793556	0.00646991	-0.137134	0.239392	-0.122525
15	0.000976562	-0.440455	0.180618	-0.981853	0.0200197	-0.45562	0.691636
16	0.000976562	0.569209	-0.298352	-1.06346	-0.49968	0.331006	0.652473
17	0.000976562	0.401689	0.256858	0.114419	0.0174019	-0.0982356	-0.179471
18	0.000976562	0.643577	0.811608	-0.725075	-0.83344	-0.350439	0.357862
19	0.000976562	0.202862	1.24557	0.621409	-0.203181	-0.935367	-0.390039
20	0.000976562	0.326088	-0.17106	0.281733	-0.285345	0.116741	-0.20494
21	0.000976562	-0.636854	0.176475	-0.286487	0.304327	-0.266367	0.0232887
22	0.000976562	-0.921514	-0.423546	0.295745	0.642316	0.411588	-0.0344173
23	0.000976562	0.210174	0.259609	0.427578	-0.181275	-0.142236	-0.256689
24	0.000976562	0.412915	-0.197615	1.28131	-0.159558	0.12826	-0.745457
25	0.000976562	-0.265702	-0.165237	1.18904	0.270179	0.0779542	-0.624951
26	0.000976562	1.22833	0.235087	0.263112	-0.554738	-0.0543242	0.207222
27	0.000976562	-1.09177	0.519693	-0.353473	0.887358	-0.442745	0.0624394
28	0.000976562	0.655335	-0.998409	-0.114868	-0.57662	0.546003	-0.155026
29	0.000976562	0.815947	-0.396263	-0.353712	-0.503753	0.616224	0.228523
30	0.000976562	-0.799119	0.255294	0.039651	0.641604	-0.214309	-0.162169
31	0.000976562	-0.193184	0.328081	0.881527	-0.357016	-0.125202	-0.310076
32	0.000976562	-0.649894	-0.503344	-0.383824	0.669634	0.471026	0.779292
33	0.000976562	-0.483345	-0.590187	-0.490003	-0.276197	0.435963	0.531881
34	0.000976562	-0.99328	-0.165454	-0.552857	0.980291	0.0995607	0.353774
35	0.000976562	0.289912	-0.632473	-1.14088	-0.419847	0.415911	0.647242
36	0.000976562	-0.182377	0.349609	0.949839	0.0102599	-0.0777347	-0.904669
37	0.000976562	-0.568066	-0.529868	-0.258422	0.310669	0.357748	-0.39616
38	0.000976562	-0.827771	1.00377	-0.816523	0.2487	-0.480201	0.487397
39	0.000976562	-0.579519	-0.137718	-0.488185	0.150887	-0.0428292	0.160565
40	0.000976562	-0.160703	-0.561208	0.116626	-0.0031054	0.37487	-0.255153
41	0.000976562	-1.02545	0.467366	-0.288637	0.528912	-0.48401	0.0611411
42	0.000976562	-0.117922	-0.618624	-0.989214	-0.225574	0.444261	0.610807
43	0.000976562	-0.027771	-0.347069	1.19809	0.0681654	-0.0710315	-0.774299
44	0.000976562	-0.922158	0.142943	0.480863	0.712289	-0.0741384	-0.242533
45	0.000976562	0.852657	0.627339	-0.648605	-0.128764	-0.547355	0.2238
46	0.000976562	0.305609	-1.03623	-0.0948397	-0.117087	0.811506	0.0781347
47	0.000976562	0.0133837	0.670351	-0.15961	-0.077759	-0.257838	0.422929
48	0.000976562	0.0701003	-0.652583	-0.923943	0.092795	0.498826	0.739022
49	0.000976562	-0.713475	-0.299427	0.189976	0.428735	0.0438853	-0.239585
50	0.000976562	0.76119	0.668652	-0.68389	-0.736889	-0.289312	0.38898
51	0.000976562	-0.68566	-0.0239296	0.51301	0.412257	0.0992096	-0.310967
52	0.000976562	0.631621	-0.372583	-0.267503	-0.364558	0.454141	0.142175
53	0.000976562	0.404289	0.948844	0.789861	-0.440897	-0.402424	-0.446063
54	0.000976562	-0.551538	-0.568391	-0.190368	0.183624	0.104234	-0.703229
55	0.000976562	-0.638231	-0.415046	-0.424383	0.49126	0.421094	0.618065
56	0.000976562	-0.785637	0.122525	-0.54184	1.00197	-0.169202	0.506596
57	0.000976562	0.195696	1.20025	0.754662	-0.127902	-0.993175	-0.192073
58	0.000976562	-1.3146	-0.243066	-0.160886	0.858775	0.125548	-0.0296511
59	0.000976562	0.161863	0.453753	-0.624843	-0.073034	-0.3203	0.358655
60	0.000976562	-0.513525	0.961429	0.0908509	0.00213738	-0.697004	0.151967
61	0.000976562	0.273476	-0.21478	1.19321	-0.635175	0.265417	-0.613288
62	0.000976562	0.698212	0.871457	-0.820287	-0.51799	-0.493251	0.181506
63	0.000976562	0.659328	0.219459	-0.499267	-0.485945	-0.417051	0.437964
64	0.000976562	-0.222536	0.329247	0.934929	0.0595499	-0.155509	-0.72582
65	0.000976562	-0.322749	1.12884	0.101358	-0.0107181	-0.959421	-0.223763
66	0.000976562	-1.16463	0.23188	-0.2088	0.667933	-0.138416	0.259218
67	0.000976562	-0.261571	-0.626291	-0.585215	-0.0707879	0.317476	0.270171
68	0.000976562	-0.95696	0.259316	-0.0388086	0.560235	-0.330135	-0.0303534
69	0.000976562	-0.736576	-0.621208	0.21925	0.315698	0.474158	-0.431664
70	0.000976562	-0.582866	0.341448	0.164984	0.429496	-0.331462	-0.068283
71	0.000976562	-0.493902	0.0680399	-0.556814	-0.150861	-0.37099	0.383585
72	0.000976562	0.551573	-0.253455	-0.41604	-0.215513	0.293197	-0.000415213
73	0.000976562	-0.630041	-0.155861	0.833896	0.354302	0.412944	-0.626028
74	0.000976562	1.02889	-0.640279	-0.19345	-0.843584	0.414643	0.251948
75	0.000976562	-0.310893	0.625562	-0.814075	0.224288	-0.498839	0.379323
76	0.000976562	-0.752802	0.0286195	-0.44143	0.582832	0.0752325	0.565783
77	0.000976562	0.980864	-0.660539	0.00329434	-0.506043	0.258296	0.0546829
78	0.000976562	-0.262654	-0.948959	-0.218591	0.0503625	0.852574	-0.490662
79	0.000976562	0.0803765	-0.611439	0.243437	-0.171686	0.204102	-0.272451
80	0.000976562	1.1511	-0.609383	0.298508	-0.868371	0.011434	-0.210127
81	0.000976562	-0.640054	-0.279006	-0.458746	0.142954	-0.245224	0.357325
82	0.000976562	-0.768466	-0.0648049	-0.471949	0.552968	-0.20229	0.29283
83	0.000976562	-0.3509	0.256877	0.526447	0.0181336	-0.245993	-0.329461
84	0.000976562	-0.963939	-0.411471	0.352884	0.77221	0.43126	-0.365634
85	0.000976562	0.580934	0.186679	0.707163	-0.171646	-0.294933	-0.219592
86	0.000976562	-0.989174	-0.303442	0.469084	0.704113	0.0664147	-0.221851
87	0.000976562	1.11072	0.455848	-0.451312	-0.813509	-0.0599422	0.480311
88	0.000976562	-0.284273	0.294565	1.10793	0.198715	-0.0388432	-0.948097
89	0.000976562	-0.598822	0.00990335	-0.472076	0.21111	-0.523308	0.469177
90	0.000976562	-0.758974	-0.826656	0.242193	0.48282	0.677858	-0.203083
91	0.000976562	0.551143	0.75524	0.084478	-0.314403	-0.641482	0.0205901
92	0.000976562	-0.586503	0.29766	0.586664	0.215218	-0.0589351	-0.21419
93	0.000976562	-0.837411	-0.757519	-0.201121	0.870345	0.590972	0.24241
94	0.000976562	0.223131	1.12751	0.755385	-0.505756	-0.660716	-0.124174
95	0.000976562	-0.333451	1.19833	0.241015	-0.180942	-0.828697	-0.131315
96	0.000976562	-0.239231	-1.17059	0.489511	0.193843	0.703854	-0.27482
97	0.000976562	1.11434	0.120962	0.0162713	-0.609991	-0.137913	-0.170836
98	0.000976562	-0.109731	-0.216147	1.08157	0.0223471	0.14294	-0.735589
99	0.000976562	-1.04104	-0.28834	0.452593	0.314394	0.198467	-0.551251
100	0.000976562	-1.10536	0.289124	-0.2445	1.00704	-0.17632	-0.0297031
101	0.000976562	-0.497814	-0.536279	-0.214319	0.203353	0.586276	-0.0291732
102	0.000976562	-0.679803	-0.208244	-0.431226	-0.0695555	-0.326672	0.0407884
103	0.000976562	-0.34988	0.254983	0.694534	-0.00298022	0.0971227	-0.284991
104	0.000976562	0.872647	0.476914	1.14328	-0.378744	-0.231913	-0.462112
105	0.000976562	0.466381	-0.486165	-1.12392	-0.37359	0.333691	0.67149
106	0.000976562	-1.01526	0.490037	0.538452	0.64431	-0.462216	-0.0389246
107	0.000976562	0.350193	-0.465236	-1.07449	-0.0997099	0.483193	0.54713
108	0.000976562	-0.631839	-0.185661	-0.423356	0.450697	0.194759	-0.3177
109	0.000976562	0.520573	-0.509965	0.571869	-0.275925	0.264787	-0.291366
110	0.000976562	0.702501	-0.0541074	-0.24465	-0.276263	0.190716	0.139219
111	0.000976562	0.47375	0.574515	0.0326013	-0.185811	-0.436223	0.0234793
112	0.000976562	-0.784964	-0.15789	-0.256196	0.912681	0.103744	-0.206972
113	0.000976562	-1.03671	0.623253	0.556141	0.598937	-0.141592	-0.525856
114	0.000976562	-0.804285	-0.253776	-0.420754	0.406467	-0.0716586	0.0999592
115	0.000976562	0.72541	-0.485216	-0.645986	-0.53758	0.198452	0.639387
116	0.000976562	-0.122945	0.709539	-0.225572	-0.270015	-0.542788	0.036665
117	0.000976562	-0.937315	-0.669003	-0.243911	0.685052	0.676812	0.142318
118	0.000976562	0.244613	-0.374046	0.86297	0.0134176	0.181264	-0.377176
119	0.000976562	-0.690972	-0.139986	-0.383918	-0.0681155	-0.322577	-0.0192387
120	0.000976562	-0.597734	-0.594107	-0.198254	0.468417	0.649994	-0.0570029
121	0.000976562	0.631537	-0.674999	-0.0358969	-0.203127	0.299459	-0.0913762
122	0.000976562	-0.33749	0.292203	1.02088	0.575011	-0.19275	-0.812126
123	0.000976562	-0.220026	-0.632876	1.13255	0.0708345	0.379558	-0.636296
124	0.000976562	-0.454702	1.16532	0.134627	0.404318	-0.788782	0.0243272
125	0.000976562	-0.00761899	-0.234681	1.2623	0.0268295	0.261065	-0.685628
126	0.000976562	0.95061	-0.765323	0.148575	-0.660262	0.255464	0.219578
127	0.000976562	-0.0230261	0.710677	1.15671	-0.00612817	-0.688148	-0.627359
128	0.000976562	-0.411422	-0.951646	-0.11847	0.222185	0.879025	0.474581
129	0.000976562	-0.86468	0.1119	-0.518738	0.836734	-0.471522	0.655431
130	0.000976562	0.91565	-0.39825	-0.183103	-0.220111	0.110753	0.0326159
131	0.000976562	-0.579516	0.0562464	-0.547413	0.129221	-0.471984	0.448663
132	0.000976562	-0.996975	-0.407777	0.36499	0.587659	0.0961731	-0.302825
133	0.000976562	0.773489	-0.851691	-0.0249717	-0.388045	0.372494	-0.0305088
134	0.000976562	-1.06898	0.510131	0.580131	0.826367	-0.62567	-0.197548
135	0.000976562	0.837631	0.201853	0.738253	-0.488809	0.11543	-0.799827
136	0.000976562	0.523936	-0.260656	-0.386867	-0.375039	-0.0053729	0.0428197
137	0.000976562	0.452636	1.18351	0.73367	-0.111858	-0.713669	-0.319295
138	0.000976562	0.849669	-0.858978	0.149012	-0.22828	0.687465	-0.00136879
139	0.000976562	-0.287799	1.02738	0.115137	0.29597	-0.758775	0.158585
140	0.000976562	-0.541326	-0.498387	-0.125612	0.672274	0.418863	0.112869
141	0.000976562	-0.0353826	-0.289989	1.29144	0.0650281	0.365689	-0.665289
142	0.000976562	0.669459	0.787274	-0.737057	-0.210218	-0.409766	0.0374554
143	0.000976562	0.318769	0.936817	0.767777	-0.226526	-0.268552	-0.535472
144	0.000976562	-0.308088	0.658887	0.519726	0.0200677	-0.591443	-0.258526
145	0.000976562	-0.0189514	-0.0464454	0.181932	-0.127042	0.0213055	-0.0854415
146	0.000976562	0.343094	0.00515793	1.03127	-0.208798	-0.0236822	-0.563061
147	0.000976562	0.727078	-0.147455	-0.253875	-0.209793	0.106491	0.0746957
148	0.000976562	0.853419	-0.430742	-0.608101	-0.71941	0.143269	0.573828
149	0.000976562	0.541476	-0.169165	-0.343324	0.123635	0.0992553	0.137974
150	0.000976562	0.967931	-0.579139	0.182673	-0.280258	0.257767	-0.377609
151	0.000976562	0.0373864	0.173601	1.07795	-0.0425882	0.105755	-0.770906
152	0.000976562	0.284564	1.19565	0.659865	0.0471268	-0.374219	-0.195387
153	0.000976562	-0.460653	-0.917231	-0.19978	0.570079	0.647239	0.548643
154	0.000976562	-1.15741	0.435532	-0.255588	0.774315	-0.517016	0.0839226
155	0.000976562	-0.507668	0.598472	-0.0728169	0.273025	-0.326833	0.297467
156	0.000976562	0.675829	0.849292	-0.781968	-0.431115	-0.50183	0.641691
157	0.000976562	-0.472611	-0.531408	-0.136772	0.48735	-0.0885112	-0.249191
158	0.000976562	-0.798026	0.319648	-1.18065	0.452417	-0.25454	0.603957
159	0.000976562	-0.212608	-0.652187	-0.590562	-0.0289087	0.313561	0.522266
160	0.000976562	0.0962945	0.61371	-1.22734	-0.0796928	-0.370356	0.650553
161	0.000976562	-0.819087	0.068425	-0.455064	0.549374	-0.394995	0.550511
162	0.000976562	-0.561067	0.195598	1.08164	0.327855	0.0268048	-0.752016
163	0.000976562	0.932845	0.488766	0.120559	-0.340933	-0.361644	-0.224636
164	0.000976562	-0.0601371	0.52753	-1.19943	-0.00889432	-0.205028	0.777586
165	0.000976562	-0.882677	-0.777655	-0.245185	0.687801	0.222092	0.161946
166	0.000976562	-1.20047	-0.179955	-0.0750239	0.850919	0.0763015	-0.0984233
167	0.000976562	-0.496006	0.219566	0.562953	0.677199	-0.127428	-0.51303
168	0.000976562	-0.4169	0.210939	0.519956	0.505565	-0.0919078	0.00534954
169	0.000976562	-0.67962	-0.254995	-0.327462	0.255812	0.53673	0.234609
170	0.000976562	-0.263419	0.188014	0.639561	0.420814	-0.161484	-0.571616
171	0.000976562	-0.758679	0.894998	-0.715133	0.308485	-0.50699	0.395716
172	0.000976562	-0.361871	0.767212	0.404669	0.0798178	-0.410483	-0.559872
173	0.000976562	-0.0510115	0.544542	-0.187952	-0.042425	-0.345933	0.246725
174	0.000976562	0.571265	-1.09367	-0.627954	-0.249332	0.611031	0.387513
175	0.000976562	1.10069	0.285594	0.0341709	-0.702901	-0.476799	-0.160865
176	0.000976562	-0.115684	0.563902	-1.24442	0.301517	-0.613876	0.614273
177	0.000976562	0.180053	-0.471208	-0.981939	0.0132408	-0.0123099	0.569822
178	0.000976562	0.640614	0.137709	-0.668131	-0.11492	-0.176749	0.459907
179	0.000976562	-1.07219	-0.209378	-0.242928	0.897304	0.0284613	0.0932351
180	0.000976562	-0.530817	-0.0548765	-0.455701	0.218093	0.105044	0.0359871
181	0.000976562	-0.652555	0.0798554	-0.397758	0.513368	-0.0457654	0.411224
182	0.000976562	0.841224	0.0484779	0.855715	-0.371055	0.0700565	-0.597588
183	0.000976562	0.50092	-0.483354	0.852563	-0.455913	0.262647	-0.513046
184	0.000976562	-0.968843	-0.279447	-0.642586	0.806564	0.178945	0.593814
185	0.000976562	0.442143	-1.03651	-0.101353	-0.356693	0.682948	0.300718
186	0.000976562	-0.64719	-0.297937	-0.347891	0.187752	-0.333956	0.152313
187	0.000976562	-0.817704	-0.535911	0.749286	0.251092	0.411936	-0.513059
188	0.000976562	-0.963569	0.51703	0.487837	0.631111	-0.362819	-0.473882
189	0.000976562	-0.629282	-0.544155	-0.22048	0.574547	0.0501185	0.0479778
190	0.000976562	0.535107	-0.589597	-1.01899	-0.311967	-0.0625088	0.401586
191	0.000976562	-0.370875	0.724972	0.395661	0.0365801	-0.187388	-0.0308369
192	0.000976562	0.968762	-0.65201	-0.29532	-0.756982	0.369308	0.301264
193	0.000976562	-0.384754	0.243113	0.599659	0.0360551	0.241854	-0.262467
194	0.000976562	0.940791	0.390063	-0.513689	-0.621087	-0.313528	0.2445
195	0.000976562	-0.0135011	-0.535551	-1.04764	0.00730428	0.502329	0.422265
196	0.000976562	0.812183	-0.807886	-0.0717995	-0.417457	0.388874	-0.129318
197	0.000976562	0.530694	-0.413335	-1.09408	-0.319285	-0.090908	0.888389
198	0.000976562	0.382328	0.147077	0.0165936	-0.107904	-0.061262	-0.150613
199	0.000976562	0.347949	-0.13185	1.06932	0.0928556	0.118967	-0.742371
200	0.000976562	0.0986551	-1.07463	0.0316467	-0.170112	0.728049	0.128487
201	0.000976562	-0.533485	0.827098	-0.0537249	0.688095	-0.429883	0.0837448
202	0.000976562	0.566732	-0.435865	-0.925261	-0.270423	-0.140282	0.824368
203	0.000976562	0.970263	0.11425	0.868352	-0.408852	-0.0510947	-0.574333
204	0.000976562	0.658141	0.567159	-0.70484	-0.24886	-0.453535	0.217242
205	0.000976562	0.942593	0.285765	0.0474942	-0.493228	-0.0475221	0.263439
206	0.000976562	-0.46504	0.72077	0.560418	0.17028	-0.436222	-0.484129
207	0.000976562	0.998496	-0.632482	0.0916191	-0.771746	0.127534	-0.149705
208	0.000976562	-0.468176	0.966103	0.0260912	0.09023	-0.179772	-0.09391
209	0.000976562	-0.556135	-0.388772	-0.493348	0.430557	0.0702417	0.331114
210	0.000976562	-0.0301242	0.622305	1.07692	-0.226634	-0.352445	-1.04234
211	0.000976562	0.451241	0.964501	-0.771852	-0.361701	-0.691547	0.384396
212	0.000976562	-0.267469	-0.142167	0.484299	0.136506	0.216917	-0.348046
213	0.000976562	-0.590552	-0.383634	-0.536991	0.545584	0.143442	0.781052
214	0.000976562	0.485944	0.707544	0.883226	-0.353507	-0.320404	-0.387366
215	0.000976562	-0.612851	0.192376	0.131755	0.344195	-0.0927616	-0.0823127
216	0.000976562	0.791424	0.598978	0.0739345	-0.492252	-0.423189	-0.191954
217	0.000976562	-0.43538	-0.550927	-0.530832	-0.175059	0.330248	0.53225
218	0.000976562	-0.274546	-0.201771	-0.00136012	-0.12547	-0.0988583	-0.143866
219	0.000976562	0.618285	-0.673349	-0.641528	-0.383513	0.254066	0.773619
220	0.000976562	-0.543995	-0.672952	-0.186255	0.415158	0.813944	-0.218852
221	0.000976562	-0.586468	-0.601141	-0.203278	0.14308	0.804445	-0.228876
222	0.000976562	-0.9379	0.405427	0.459552	0.436792	-0.325505	-0.120596
223	0.000976562	-0.845169	-0.561646	-0.635428	0.776024	0.481258	0.394476
224	0.000976562	0.0937273	1.63333	-0.327222	-0.0652875	-0.639592	0.147049
225	0.000976562	-0.841085	-0.12731	-0.526673	0.923629	0.229217	0.461511
226	0.000976562	-0.0271064	0.65288	-0.307341	-0.281019	-0.238739	-0.0458176
227	0.000976562	-0.166877	-0.948068	-0.0147837	-0.204312	0.721695	0.257446
228	0.000976562	0.534635	-0.300113	-1.16102	-0.443752	0.203135	0.421381
229	0.000976562	1.02356	0.54441	0.176355	-0.669613	-0.42682	-0.336543
230	0.000976562	0.861313	1.19332	-0.142791	-0.445963	-0.545703	0.0571607
231	0.000976562	0.433752	0.268025	0.0529492	-0.110992	-0.126067	0.00523799
232	0.000976562	0.745495	0.534727	-0.639936	-0.436467	-0.255617	0.215399
233	0.000976562	-0.856488	0.785939	0.987563	0.533916	-0.232557	-0.57017
234	0.000976562	0.910108	-0.718272	-0.064421	-0.756138	0.28469	0.239582
235	0.000976562	0.125898	-0.972832	0.687754	0.0311375	0.576682	-0.307695
236	0.000976562	-0.703245	-0.448635	-0.449639	0.309672	0.40426	0.0346738
237	0.000976562	0.323447	-0.0907673	1.13055	-0.340329	0.0213282	-0.691827
238	0.000976562	-0.132175	0.954063	-0.836743	0.0962047	-0.593817	0.418975
239	0.000976562	0.278614	1.14433	0.687644	0.259371	-0.795545	-0.168865
240	0.000976562	-0.170353	0.349681	0.812915	-0.155467	-0.408435	-0.445722
241	0.000976562	-0.166153	0.202753	0.875038	0.00698567	-0.525496	-0.564134
242	0.000976562	0.934193	0.210277	0.830829	-0.388064	-0.199512	-0.194952
243	0.000976562	0.446612	-0.234432	1.17269	-0.127436	-0.0177396	-0.444019
244	0.000976562	-1.15543	0.0102179	0.442554	0.820252	0.0291779	-0.327453
245	0.000976562	-0.142871	0.297168	0.507836	0.236768	-0.0151328	-0.271701
246	0.000976562	-0.908125	-0.774702	-0.372844	0.628264	0.621681	0.0680237
247	0.000976562	-0.35993	0.939705	-0.0126375	0.420279	-0.560446	-0.237314
248	0.000976562	-0.377973	0.907327	0.727499	0.338578	-0.645789	-0.58392
249	0.000976562	-0.0275232	0.0713207	-0.582996	-0.100859	-0.163332	0.217527
250	0.000976562	-0.421178	0.240978	0.567068	0.249744	-0.0265269	-0.566223
251	0.000976562	0.218466	0.907354	0.76062	-0.214051	-0.449586	-0.332497
252	0.000976562	1.09211	0.220227	-0.0917037	-0.564046	-0.244258	-0.30023
253	0.000976562	0.725911	0.673017	-0.623133	-0.377941	-0.569676	-0.0925439
254	0.000976562	-0.0376475	0.658604	1.19976	0.322942	-0.435681	-0.878915
255	0.000976562	0.20219	1.25143	0.658503	-0.466658	-0.494744	-0.110031
256	0.000976562	-0.68338	-0.381603	-0.387308	-0.127458	0.155002	-0.0287748
257	0.000976562	-0.550234	-0.397755	-0.223772	0.766088	0.0803038	-0.0764761
258	0.000976562	0.127367	0.653447	1.09524	-0.449798	-0.452074	-0.671242
259	0.000976562	-0.204368	0.536084	-1.18545	0.14727	-0.220705	0.526871
260	0.000976562	0.594282	0.880967	-0.827115	-0.417125	-0.517542	0.559417
261	0.000976562	-0.531963	-0.168269	-0.245493	-0.107151	-0.209737	-0.0630289
262	0.000976562	-0.122952	0.610942	-0.241297	0.0281342	-0.2058	-0.0399304
263	0.000976562	1.17051	0.285809	-0.226771	-0.554	-0.136785	0.113644
264	0.000976562	0.181258	-0.135147	0.0908823	-0.218196	0.113347	-0.127647
265	0.000976562	-0.441543	-0.032187	0.455815	0.109897	0.26511	-0.333691
266	0.000976562	0.878131	-0.550279	-0.405034	-0.535761	0.271104	0.315194
267	0.000976562	0.506645	-1.07123	0.152171	-0.232221	0.55284	-0.1307
268	0.000976562	0.0191367	0.604429	1.08781	0.295133	-0.466509	-0.504868
269	0.000976562	-0.629717	-0.311367	-0.458261	0.548444	-0.00295087	0.126586
270	0.000976562	-0.671808	-0.429753	-0.545959	0.660858	0.547287	0.989845
271	0.000976562	-0.216874	-0.931339	-0.122372	0.0495183	0.714143	-0.0759078
272	0.000976562	0.521149	0.914103	-0.801654	0.0260012	-0.657354	0.413755
273	0.000976562	-0.598377	0.14478	-0.205284	0.392384	-0.386456	0.123771
274	0.000976562	0.481367	-0.464874	-0.84193	-0.297962	0.210084	0.628118
275	0.000976562	-0.864386	0.852007	-0.601655	0.452765	-0.49845	0.379733
276	0.000976562	1.09627	0.273082	0.069953	-0.514156	0.105644	0.159655
277	0.000976562	0.384414	0.130149	0.0178847	-0.2158	0.0608666	0.140801
278	0.000976562	-0.181712	-0.647343	-0.838749	0.0958245	0.464912	0.83098
279	0.000976562	1.08317	0.774748	0.277583	-0.520522	-0.537713	-0.0970083
280	0.000976562	-0.591253	-0.466916	-0.349468	0.5773	0.397368	0.687642
281	0.000976562	0.0369558	1.13121	0.601253	-0.0891646	-0.687779	-0.30229
282	0.000976562	0.637027	0.966511	-0.860057	-0.0301661	-0.829933	0.435065
283	0.000976562	0.102842	-1.10233	0.0397985	0.0584399	0.85492	-0.266178
284	0.000976562	1.23533	0.572132	0.186445	-0.650828	-0.424655	-0.282799
285	0.000976562	0.493615	-0.117363	-1.45838	-0.0999283	-0.0514147	0.758772
286	0.000976562	-0.37599	-1.11913	0.685232	0.310937	0.522294	-0.476928
287	0.000976562	0.214849	-1.01971	-0.135002	-0.066881	0.640827	0.0322158
288	0.000976562	-0.649848	-0.317677	-0.360253	0.595182	-0.231034	0.105415
289	0.000976562	0.410613	-0.243093	1.21949	0.0626986	0.125008	-0.752078
290	0.000976562	-0.886715	-0.845061	0.484509	0.34921	0.659833	-0.421266
291	0.000976562	0.886691	0.100688	0.441526	-0.439498	0.042772	-0.112416
292	0.000976562	-0.789497	-0.0422075	-0.956336	0.512587	0.0027551	0.756058
293	0.000976562	-0.514193	-0.512416	-0.0868183	0.506147	0.340633	-0.133769
294	0.000976562	-0.40835	-0.532627	-0.520609	-0.0830991	0.667608	0.192383
295	0.000976562	-0.249897	1.12916	0.443626	-0.186499	-0.621047	-0.256554
296	0.000976562	-0.560342	-0.522373	-0.111985	0.334669	0.603129	0.267462
297	0.000976562	0.339657	-0.705292	1.04259	-0.132871	0.468378	-0.505782
298	0.000976562	1.1171	-0.468476	0.144375	-0.570446	0.415077	-0.175661
299	0.000976562	0.457567	-1.07647	0.191899	-0.362898	0.563581	-0.0419754
300	0.000976562	0.549865	0.963404	0.823974	-0.435574	-0.527261	-0.358266
301	0.000976562	0.0861666	-0.0514451	0.157582	-0.00930942	0.00200843	-0.104689
302	0.000976562	0.53101	1.39801	0.552487	-0.361215	-0.62313	-0.0791303
303	0.000976562	-0.228646	-0.588613	-0.713118	-0.255624	0.431117	0.459611
304	0.000976562	-0.699828	-0.440029	-0.149996	0.480421	0.208565	-0.391565
305	0.000976562	0.473527	-0.539746	-0.91478	-0.209031	0.23347	0.435851
306	0.000976562	0.468962	-1.08982	0.0085185	0.00245128	0.694823	-0.332312
307	0.000976562	0.653033	0.81248	0.29606	-0.175649	-0.407972	0.0456672
308	0.000976562	0.983259	-0.743069	0.0958396	-0.463658	0.757828	-0.161347
309	0.000976562	-0.191661	-0.796151	-0.959218	0.16512	0.702312	0.583666
310	0.000976562	0.638746	1.04957	-0.835398	-0.433566	-0.355209	0.536172
311	0.000976562	0.79962	0.702326	-0.650854	-0.214186	-0.476052	0.258964
312	0.000976562	-0.446726	-0.454487	0.0994616	0.15113	0.225497	-0.399764
313	0.000976562	0.937846	0.410004	-0.0408415	-0.390723	-0.582896	0.0552308
314	0.000976562	0.520403	0.167516	0.983297	-0.225503	-0.050282	-0.507286
315	0.000976562	-0.340895	-0.0382708	-0.551738	-0.140321	-0.0763623	0.473601
316	0.000976562	0.0135832	-0.530066	0.33248	-0.272989	0.468302	-0.105412
317	0.000976562	-0.915622	-0.689528	-0.207736	0.75929	0.578417	-0.151725
318	0.000976562	-0.192205	-0.60134	-0.903207	0.257617	0.443076	0.661234
319	0.000976562	-0.384169	0.872173	-0.0840479	-0.283786	-0.297611	0.0961855
320	0.000976562	-0.344827	0.26091	1.07436	0.359891	-0.143575	-0.689214
321	0.000976562	0.900191	-0.419792	0.247586	-0.516767	0.054355	-0.140308
322	0.000976562	0.84976	1.04828	0.812798	-0.414627	-0.440119	-0.407934
323	0.000976562	0.0521501	1.41473	-0.304097	-0.0794081	-0.676707	0.15911
324	0.000976562	0.0812992	-0.945397	0.179985	-0.187	0.665814	0.159054
325	0.000976562	0.566089	-0.416325	0.884538	-0.334399	0.382308	-0.423766
326	0.000976562	-0.198352	-0.943089	-0.0252975	-0.396738	0.681478	0.207029
327	0.000976562	-0.338741	0.258177	0.744083	0.184043	-0.0734421	-0.35406
328	0.000976562	0.866032	0.122841	-0.244636	-0.705357	0.0347753	0.163172
329	0.000976562	-0.480889	0.241783	0.611801	0.401798	-0.275015	-0.288233
330	0.000976562	0.267893	-0.0840304	0.583269	-0.20549	0.0446717	-0.353263
331	0.000976562	0.889487	-0.0200066	-1.11416	-0.545081	-0.0151298	0.572684
332	0.000976562	0.904388	0.236446	0.775134	-0.701133	-0.260842	-0.29991
333	0.000976562	0.538353	-0.33197	-0.370756	-0.442103	0.150484	0.0728864
334	0.000976562	-0.54703	-0.41939	-0.223396	0.330371	0.300711	-0.35679
335	0.000976562	-0.533089	0.0579522	0.735551	0.55765	0.0305515	-0.744053
336	0.000976562	-0.653927	-0.30362	0.0911036	0.508697	-0.131329	-0.297166
337	0.000976562	-0.915775	-0.924966	0.326646	0.467535	0.47052	-0.41097
338	0.000976562	-0.032674	0.657373	1.1875	-0.0926128	-0.16269	-0.472331
339	0.000976562	-1.11646	-0.297161	0.531889	0.593213	0.229867	-0.184149
340	0.000976562	-0.600908	-0.882404	-0.257926	0.164958	0.887809	0.224454
341	0.000976562	1.025	-0.363414	-0.685469	-0.790181	0.110334	0.32241
342	0.000976562	0.495235	-0.453029	-0.995999	-0.469229	0.788652	0.575515
343	0.000976562	-0.41887	0.981704	0.0129134	0.179576	-0.570217	-0.252463
344	0.000976562	-1.21191	-0.111846	0.520797	0.735079	-0.0850567	-0.335083
345	0.000976562	0.437085	0.0509245	-0.705843	0.187162	-0.194133	0.516861
346	0.000976562	0.969419	0.27596	0.819203	-0.573212	-0.300283	-0.370283
347	0.000976562	-0.691945	-0.302929	-0.409129	0.0245358	0.607804	0.327672
348	0.000976562	-0.427909	0.777504	0.20079	0.329775	-0.311315	-0.148967
349	0.000976562	0.038483	-0.346444	1.23718	0.274275	0.037007	-0.627431
350	0.000976562	0.490798	-1.09226	0.0897555	-0.4611	0.505101	-0.102051
351	0.000976562	0.526837	0.754514	-0.670353	-0.00921397	-0.313113	0.252992
352	0.000976562	1.03356	0.202463	-0.0425277	-0.72518	-0.110001	-0.250144
353	0.000976562	-1.0254	0.218573	0.218333	0.777051	-0.0940194	-0.171678
354	0.000976562	1.05336	0.381892	0.076329	-0.796194	-0.556841	0.0159889
355	0.000976562	-0.494954	0.315925	0.469838	0.258064	-0.377693	-0.0306954
356	0.000976562	-0.423626	0.256873	0.617947	0.305925	-0.127318	-0.290886
357	0.000976562	1.12116	0.136763	0.198458	-0.686212	-0.0871717	-0.248615
358	0.000976562	-0.858094	-0.5478	0.766867	0.464554	0.412381	-0.5941
359	0.000976562	1.02808	0.157843	-0.724001	-0.731264	-0.139724	0.327352
360	0.000976562	-0.38862	0.992997	0.0832738	0.112252	-0.651439	0.135438
361	0.000976562	-0.52233	-0.358364	-0.540498	0.885309	0.461328	0.612802
362	0.000976562	-0.732348	-0.267141	0.806316	0.317809	0.312742	-0.68588
363	0.000976562	-0.905443	1.10561	0.654289	0.451273	-0.525137	-0.274788
364	0.000976562	-0.456327	0.051263	0.115461	0.157942	-0.116102	-0.104515
365	0.000976562	0.614222	0.135141	-1.07785	-0.376108	-0.12508	0.666719
366	0.000976562	-0.68576	-0.379449	-0.609839	0.32433	0.331778	0.488653
367	0.000976562	-0.695743	0.166671	-0.390751	0.295788	-0.456904	0.0229194
368	0.000976562	-0.270813	0.191679	0.714725	-0.0240396	-0.330024	-0.534656
369	0.000976562	0.239602	-0.581184	0.144777	-0.158484	0.305244	-0.306228
370	0.000976562	-0.467815	0.531207	-0.0884698	0.180625	-0.302435	-0.0425137
371	0.000976562	0.950463	0.240533	0.876229	-0.642542	-0.041778	-0.103136
372	0.000976562	0.891686	0.378238	-0.365518	-0.467249	-0.432221	0.11384
373	0.000976562	-0.491697	0.927279	0.057314	0.289948	-0.981438	0.0177798
374	0.000976562	0.362792	0.99336	0.316226	-0.207807	-0.555676	-0.0298832
375	0.000976562	0.640869	-0.156071	-0.331377	-0.313852	-0.271202	-0.123079
376	0.000976562	-0.613297	-0.611617	-0.155716	-0.0708724	0.467485	-0.37965
377	0.000976562	1.02596	-0.645093	0.0848821	-0.73067	0.520326	-0.0769991
378	0.000976562	-0.544923	-0.345494	-0.336821	0.461956	0.282049	0.728131
379	0.000976562	-0.895601	-0.70572	-0.238425	0.772773	0.270316	0.0767893
380	0.000976562	-0.0142198	-0.302822	1.1511	0.15356	0.396307	-0.448656
381	0.000976562	-0.103666	-0.480387	-0.776508	-0.118475	0.40052	0.223316
382	0.000976562	0.823273	-0.590441	-0.369997	-0.445037	0.317613	0.231955
383	0.000976562	-0.636464	-0.326027	-0.500961	0.22339	0.318481	0.555487
384	0.000976562	-0.391631	-0.883378	-0.228024	0.364047	0.854831	0.265161
385	0.000976562	1.20071	-0.517677	-0.174868	-0.765263	0.272465	0.262544
386	0.000976562	1.31951	0.492995	0.0207527	-0.741053	-0.448761	-0.00531902
387	0.000976562	0.746909	-0.76282	0.239268	-0.401712	0.666518	0.0458722
388	0.000976562	-0.36376	-0.248466	1.25073	0.208366	0.215096	-0.728586
389	0.000976562	-0.53908	0.0391622	0.688271	0.50568	0.107985	-0.544544
390	0.000976562	0.829843	0.693762	-0.632442	-0.651621	-0.556212	0.383049
391	0.000976562	0.131439	-0.513592	-1.06052	0.081939	0.665307	0.634939
392	0.000976562	-0.460991	1.02939	0.0415975	0.244307	-0.213716	-0.143356
393	0.000976562	0.369255	0.316563	1.22273	-0.103423	-0.236456	-0.803527
394	0.000976562	-0.495218	-0.275022	-0.517038	0.337053	0.426688	0.527593
395	0.000976562	-0.543819	-0.310904	-0.867264	0.264341	0.0758809	0.818606
396	0.000976562	0.444387	-1.13503	0.101021	-0.22181	0.946049	0.132753
397	0.000976562	0.648191	0.564519	0.159472	-0.359188	-0.352452	-0.166831
398	0.000976562	0.522081	-1.12689	0.179101	-0.166827	0.737213	-0.203488
399	0.000976562	-0.418882	0.949579	-0.0864082	0.180778	-0.794313	0.523593
400	0.000976562	0.437857	-0.229926	1.16399	-0.207328	0.269822	-0.664822
401	0.000976562	-0.368163	0.252389	-1.42394	0.12602	-0.0811201	0.760875
402	0.000976562	0.859173	-0.881761	0.196712	-0.0131032	0.628708	0.0311623
403	0.000976562	0.658122	-0.401355	-0.912347	-0.263415	0.459893	0.719817
404	0.000976562	-0.265165	0.406961	-1.32084	0.142495	-0.09493	0.793939
405	0.000976562	0.161895	0.286273	1.04559	-0.259234	0.0227494	-0.341099
406	0.000976562	-0.219099	0.397513	0.906401	0.263345	-0.256443	-0.261821
407	0.000976562	1.12074	-0.50303	0.216747	-0.851544	0.206896	-0.50694
408	0.000976562	-0.581313	0.58835	-0.00413971	0.17532	-0.298333	0.0176698
409	0.000976562	0.665929	0.81205	-0.865739	-0.340358	-0.122708	0.623969
410	0.000976562	0.602377	0.87884	-0.854327	-0.0553998	-0.515142	0.570546
411	0.000976562	-0.351023	-1.04013	-0.0469546	0.464121	0.806241	0.519541
412	0.000976562	-0.313864	0.752502	0.506117	0.63731	-0.541651	-0.615842
413	0.000976562	0.575804	-0.431153	1.19119	-0.374151	0.418345	-0.542761
414	0.000976562	1.17305	0.182409	0.253041	-0.866689	-0.0273642	-0.461283
415	0.000976562	-0.225012	-0.5949	-0.718318	-0.26033	0.38039	0.522533
416	0.000976562	0.831405	0.150686	-0.224442	-0.579947	0.162541	0.279097
417	0.000976562	0.471619	0.239727	1.08452	-0.266089	-0.186774	-0.607951
418	0.000976562	-0.235914	0.284753	0.855501	0.428426	-0.0281434	-0.739983
419	0.000976562	0.127879	-0.916248	0.934083	-0.0359357	0.698246	-0.585818
420	0.000976562	0.991648	-0.270402	0.729361	-0.604245	0.286271	-0.416116
421	0.000976562	1.29291	0.212256	-0.0522434	-0.907303	0.0107109	0.0903762
422	0.000976562	-0.535584	-0.566514	-0.144488	0.402323	0.299353	0.00545646
423	0.000976562	-0.638709	-0.107853	-0.460084	0.382064	0.353306	0.1926
424	0.000976562	-0.968425	-0.384363	0.402085	0.331281	-0.085173	-0.250648
425	0.000976562	-0.421031	0.704002	0.490212	0.302627	-0.436648	-0.198179
426	0.000976562	-0.642015	-0.429691	-0.444082	0.120295	0.506195	-0.0383933
427	0.000976562	-0.276182	-0.940176	-0.237879	-0.0872186	0.782637	-0.0927913
428	0.000976562	-0.232829	-0.562103	-0.872092	0.19526	0.357467	0.622202
429	0.000976562	0.272718	1.01259	0.786623	-0.259135	-0.443203	-0.500602
430	0.000976562	-1.02556	0.40762	0.5283	0.633914	-0.293321	-0.473877
431	0.000976562	0.734285	0.311209	-0.257886	-0.501542	-0.11174	0.00617779
432	0.000976562	-0.438233	0.949092	0.0606439	0.210225	-0.880651	-0.0595477
433	0.000976562	0.0400587	0.626457	1.12262	-0.285913	-0.46673	-0.34135
434	0.000976562	0.500497	0.617263	0.0241188	-0.247622	-0.575131	0.0219556
435	0.000976562	-0.457991	0.0665795	-0.54815	0.0691235	-0.24759	0.475971
436	0.000976562	0.196205	-0.318387	0.838203	0.0742298	0.432501	-0.159494
437	0.000976562	-0.617931	-0.462649	-0.32435	0.365739	0.101374	0.619363
438	0.000976562	1.06601	0.32368	0.0832138	-0.930937	-0.491576	-0.205173
439	0.000976562	0.104865	-0.464348	0.24284	-0.0754869	0.388058	-0.260224
440	0.000976562	-0.194634	-0.785289	0.344165	0.144264	0.490933	-0.267289
441	0.000976562	-0.347619	0.865479	-0.0165365	0.136688	-0.41412	0.162049
442	0.000976562	-0.36746	0.88641	-0.143184	-0.272352	-0.584705	0.199038
443	0.000976562	1.06624	-0.575215	0.197786	-0.84016	-0.0430828	-0.34691
444	0.000976562	0.907568	-0.754653	0.0124065	-0.244652	0.62831	-0.0383205
445	0.000976562	0.414302	-0.14333	-0.431335	-0.363297	-0.00558061	-0.0265856
446	0.000976562	0.218154	-0.0306072	0.826565	-0.136174	0.0412538	-0.348436
447	0.000976562	-1.10197	0.46703	0.573929	0.80385	-0.339852	-0.401723
448	0.000976562	0.276065	1.6671	0.0471525	-0.12746	-0.643535	0.0211229
449	0.000976562	-1.07959	0.520713	0.609639	0.494845	-0.398704	-0.154453
450	0.000976562	0.219814	0.279453	1.15012	-0.174718	-0.0478465	-0.790628
451	0.000976562	-0.566426	0.208112	0.338015	0.45461	-0.184113	-0.181676
452	0.000976562	-0.610776	-0.240499	-0.530878	0.505946	-0.107255	-0.263615
453	0.000976562	-0.313532	0.78679	-0.113516	-0.282678	-0.551392	0.191757
454	0.000976562	0.93507	-0.785126	0.0430912	-0.355421	0.756997	-0.25777
455	0.000976562	0.841889	-0.729526	0.201583	-0.478264	0.456768	4.1637e-05
456	0.000976562	0.208245	-0.877463	0.769515	-0.256379	0.462684	-0.368574
457	0.000976562	-0.371024	-0.981779	-0.285264	0.203413	0.908897	0.371215
458	0.000976562	0.590443	-1.05444	-0.716685	-0.259943	0.684451	0.24117
459	0.000976562	0.909555	0.544843	-0.687817	-0.618633	-0.174186	0.563312
460	0.000976562	-0.84059	-0.26556	-0.215225	0.90011	0.129645	-0.0192701
461	0.000976562	-0.873145	0.255928	0.116292	0.560279	-0.220982	-0.174564
462	0.000976562	-0.903341	-0.0954796	-0.595515	0.764087	-0.404864	0.351154
463	0.000976562	-0.881537	0.00505351	-0.499348	0.480329	-0.212281	0.300914
464	0.000976562	-0.651901	-0.396339	-0.492629	0.587864	0.558206	0.799792
465	0.000976562	-0.910331	0.716637	-0.444862	0.428597	-0.520302	0.316592
466	0.000976562	-0.318218	1.02749	-0.366669	0.194528	-0.655454	0.349842
467	0.000976562	0.415961	-0.0113981	-0.839801	-0.0153883	-0.045528	0.83218
468	0.000976562	0.810811	0.358397	1.0358	-0.430379	-0.448672	-0.511798
469	0.000976562	-0.896209	-0.262243	0.476091	0.815858	0.475341	-0.383026
470	0.000976562	-0.373066	-0.149228	-0.53758	-0.147068	0.0663948	0.447374
471	0.000976562	-0.0962103	-0.671213	-0.891434	0.378643	0.344602	0.630223
472	0.000976562	0.395936	-0.589624	-1.19028	-0.3565	0.313854	0.661512
473	0.000976562	-0.428068	0.306478	-0.969226	0.281646	0.0127545	0.647301
474	0.000976562	0.738327	0.0548166	-0.595465	-0.716297	0.0409218	0.534457
475	0.000976562	0.432616	0.902859	-0.776635	0.0287775	-0.396593	0.0819473
476	0.000976562	-0.432012	-0.724908	-0.170637	0.231713	0.67996	0.00439481
477	0.000976562	-0.434462	0.688149	-0.20944	0.381588	-0.139867	0.368421
478	0.000976562	-0.825976	-0.103336	-0.251837	0.900013	0.0396221	0.0852723
479	0.000976562	1.24449	0.0498955	0.691426	-0.716809	0.0620941	-0.315015
480	0.000976562	-0.372228	-0.941919	-0.146854	0.130258	0.820779	0.210417
481	0.000976562	0.599764	-0.624593	1.19472	-0.400375	0.521575	-0.567555
482	0.000976562	0.779236	-0.425971	-0.349321	-0.680767	0.412812	0.270449
483	0.000976562	0.7968	-0.609929	-0.410213	-0.477268	0.66636	0.339422
484	0.000976562	-0.900014	0.294702	-0.336062	0.705252	-0.327381	0.138198
485	0.000976562	0.72125	-0.553757	1.0976	-0.152212	0.40139	-0.598145
486	0.000976562	-0.862875	0.0396929	-0.459825	0.885099	-0.512794	0.481754
487	0.000976562	0.555942	-0.294235	-0.31334	-0.258198	0.16652	-0.0772292
488	0.000976562	-0.491779	0.675751	0.540403	0.303523	-0.550621	-0.477385
489	0.000976562	-0.728105	-0.131527	-0.510814	0.000917896	-0.2027	0.292692
490	0.000976562	-0.858587	-0.0327844	-0.487829	0.692379	0.0297294	0.361703
491	0.000976562	-0.893496	-0.232226	-0.312571	0.677272	0.0671063	-0.140986
492	0.000976562	0.529808	0.519463	0.138848	-0.213825	-0.493577	-0.0614777
493	0.000976562	-0.784861	0.984895	0.0486488	0.63915	-0.69523	-0.0578012
494	0.000976562	-0.444308	-0.519697	-0.961299	0.22444	0.411063	0.83781
495	0.000976562	0.558401	0.920222	-0.758154	-0.214522	-0.743226	-0.00289697
496	0.000976562	1.16588	0.221801	0.234085	-0.504609	0.0690949	-0.410358
497	0.000976562	-0.402677	0.707255	-0.164155	0.333182	-0.489534	0.438449
498	0.000976562	-0.407319	0.862989	-0.061153	0.0269342	-0.630969	0.164077
499	0.000976562	-0.306499	0.485409	-0.849972	0.0993047	-0.381254	0.383474
500	0.000976562	-0.000687558	-0.50604	1.10587	0.0337156	0.436687	-0.631818
501	0.000976562	-0.344064	0.870016	0.0683187	0.340856	-0.969594	0.152195
502	0.000976562	-0.364214	0.763334	0.41209	0.0486781	-0.473003	-0.302888
503	0.000976562	-0.198232	0.362135	0.742063	0.0834544	-0.0445716	-0.491652
504	0.000976562	0.560709	-1.13672	0.150645	-0.241709	0.794328	-0.417393
505	0.000976562	-0.728782	-0.159593	-0.291577	0.320018	-0.0308883	0.237134
506	0.000976562	-0.41877	0.906419	0.630777	0.178698	-0.389567	-0.304544
507	0.000976562	0.176997	0.602641	-1.17006	-0.0680552	-0.344517	0.612356
508	0.000976562	-0.788021	-0.960864	0.0991005	0.50002	0.659781	-0.242636
509	0.000976562	0.560809	0.200996	-0.606843	-0.331577	-0.326544	0.466666
510	0.000976562	0.773525	-0.415542	-0.619918	-0.622807	0.515677	0.328245
511	0.000976562	0.291232	-0.178977	-0.243698	-0.00408478	-0.058022	-0.0100137
512	0.000976562	-0.637806	-0.0542487	-0.384418	0.537118	-0.399748	0.406396
513	0.000976562	0.919394	-0.48303	0.264957	-0.368498	0.0729528	-0.316786
514	0.000976562	0.39377	-0.250749	-0.445287	-0.314548	0.176054	-0.0591954
515	0.000976562	-0.365826	0.743094	0.435432	0.447102	-0.54817	0.0184447
516	0.000976562	0.653456	-0.174146	0.806788	-0.455078	0.175009	-0.350779
517	0.000976562	-0.264979	-0.964804	-0.169291	0.0291889	0.688947	-0.0824384
518	0.000976562	0.0250741	-0.547998	1.09084	0.00525748	0.534078	-0.562132
519	0.000976562	-0.407263	-0.988694	-0.152395	0.399021	0.993952	0.221726
520	0.000976562	-0.27674	1.00665	0.934563	0.091676	-0.657088	-0.446939
521	0.000976562	0.594413	1.28943	-0.0322546	-0.249758	-0.666979	0.0108427
522	0.000976562	0.982705	1.0226	0.609788	-0.588492	-0.341274	-0.0968202
523	0.000976562	0.901095	0.350579	-0.153253	-0.432703	-0.437111	0.19667
524	0.000976562	-0.154318	0.284047	0.463079	-0.166715	-0.280907	-0.0451888
525	0.000976562	0.585754	-0.580553	1.1914	-0.172745	0.192786	-0.633311
526	0.000976562	0.651742	0.978713	-0.88395	0.151245	-0.623563	0.41265
527	0.000976562	0.231193	0.143668	-0.692409	0.0150045	-0.206044	0.515291
528	0.000976562	-0.580042	-0.12188	-1.21993	0.223351	0.0364579	0.787141
529	0.000976562	0.664927	0.288679	1.1295	-0.45823	-0.291188	-0.396749
530	0.000976562	0.405917	0.0924406	-0.732066	0.122645	-0.313975	0.23502
531	0.000976562	0.172532	-0.582175	-1.0747	-0.259807	0.512022	0.593205
532	0.000976562	-0.429599	0.905627	0.635516	0.31121	-0.219988	-0.172255
533	0.000976562	-0.117236	0.342051	0.761274	0.225085	-0.287429	-0.267103
534	0.000976562	-0.357695	0.542724	-1.03358	0.320468	-0.213377	0.600172
535	0.000976562	-0.461053	-1.01565	-0.165342	-0.227387	0.553393	0.148516
536	0.000976562	-0.693544	-0.364835	-0.45389	0.0763286	-0.133391	0.667837
537	0.000976562	1.04851	0.433106	0.188174	-0.314392	-0.478978	-0.196236
538	0.000976562	0.190912	1.2738	0.644607	-0.00438096	-0.584017	-0.192443
539	0.000976562	0.139041	0.214886	0.93078	-0.19446	-0.297541	-0.594472
540	0.000976562	-0.539539	0.687206	0.530768	0.0831611	-0.751927	-0.55543
541	0.000976562	0.667242	0.0853806	-0.368703	-0.298855	-0.215588	0.364732
542	0.000976562	-0.0372624	0.637454	-1.23128	0.170644	-0.109488	0.561896
543	0.000976562	-0.304516	-0.104806	-0.0263577	0.0411739	0.134916	-0.0942052
544	0.000976562	0.2017	-0.325253	0.806485	-0.191787	0.177567	-0.477789
545	0.000976562	0.447716	-0.425945	-1.04865	-0.448119	0.403875	0.404116
546	0.000976562	0.105752	0.308932	1.01677	-0.170896	-0.207432	-0.388128
547	0.000976562	-0.690178	-0.344473	-0.575195	0.518623	0.634732	0.228467
548	0.000976562	-0.855261	-0.224149	-0.303048	0.718336	0.0606699	-0.147748
549	0.000976562	0.927507	-0.0262117	0.816582	-0.673119	-0.187157	-0.284114
550	0.000976562	-0.399362	0.315514	0.917513	0.0967022	-0.28029	-0.473023
551	0.000976562	-0.468483	-0.866821	-0.222464	0.156539	0.724279	0.203338
552	0.000976562	-0.251891	1.16669	0.233904	0.0413175	-0.861	0.0411017
553	0.000976562	0.844137	1.20267	-0.13231	-0.108738	-0.641119	0.0898576
554	0.000976562	0.997356	-0.347821	-0.515119	-0.777488	0.0117601	0.24679
555	0.000976562	1.19732	-0.337439	0.188108	-0.701297	0.176177	-0.145931
556	0.000976562	-0.50186	-0.646639	-0.154117	0.410616	1.02455	-0.287958
557	0.000976562	0.644564	0.807488	-0.702589	-0.194987	-0.173398	0.134645
558	0.000976562	0.0388988	0.696867	-1.29837	-0.178576	-0.171245	0.428191
559	0.000976562	-0.772999	-0.0695002	-0.791305	0.58975	-0.0364706	0.714438
560	0.000976562	-0.14932	0.974298	0.204311	-0.0302696	-0.645249	-0.232379
561	0.000976562	-0.422083	0.744684	-0.0597125	0.238214	-0.1678	-0.0198386
562	0.000976562	0.0373414	-0.501905	0.372197	-0.190194	0.3185	-0.303106
563	0.000976562	-0.519048	-0.544078	-0.178221	0.232527	0.124297	-0.0917148
564	0.000976562	-1.1922	-0.178662	0.570284	0.681155	0.103173	-0.508009
565	0.000976562	-0.569466	-0.396265	-0.51163	-0.0191571	0.570039	0.384634
566	0.000976562	0.966593	-0.616565	-0.0235594	-0.508047	0.595543	-0.170386
567	0.000976562	-0.960073	-0.340285	0.082632	0.800008	0.184947	-0.112861
568	0.000976562	-0.535868	0.42749	-0.0438867	0.482848	-0.253813	-0.134282
569	0.000976562	0.740619	-0.370017	-0.16781	-0.33453	0.220543	-0.26766
570	0.000976562	0.990698	1.02815	0.596881	-0.387893	-0.561095	-0.402191
571	0.000976562	-0.00694603	0.744034	-1.22042	-0.0788777	-0.335239	0.763537
572	0.000976562	-0.210993	1.13627	0.440903	0.0524954	-0.660794	-0.102709
573	0.000976562	-0.555056	-0.0247823	0.723911	0.387006	-0.130475	-0.671311
574	0.000976562	-0.309233	-0.497287	-0.649714	-0.110552	0.560867	0.395356
575	0.000976562	0.472078	-0.229658	-0.141477	-0.36225	0.141325	0.0791627
576	0.000976562	1.02193	-0.35736	-0.545374	-0.817728	0.308037	0.371798
577	0.000976562	0.12126	1.20019	0.612241	0.00780724	-0.6801	-0.244682
578	0.000976562	-0.0622256	0.585549	1.04244	-0.0871194	-0.41181	-0.763755
579	0.000976562	-0.702801	-0.549945	-0.0942737	0.285422	0.240459	-0.327447
580	0.000976562	0.591118	0.226337	0.707177	-0.327043	-0.160866	-0.376747
581	0.000976562	-0.369554	1.1777	-1.07243	0.167692	-0.530158	0.413814
582	0.000976562	-0.437928	0.752328	0.00362279	0.360018	-0.43299	0.366068
583	0.000976562	0.4707	-0.284697	-1.14056	-0.24226	0.234021	0.621033
584	0.000976562	-0.384164	1.03049	0.0946752	0.408942	-0.859074	-0.00226236
585	0.000976562	0.741537	-0.813125	-0.0520822	-0.334186	0.711288	-0.137542
586	0.000976562	-0.594883	-0.153209	-0.400011	0.455544	0.0242784	0.149955
587	0.000976562	0.932832	0.0803372	0.787795	-0.366736	0.0374723	-0.565327
588	0.000976562	-0.313279	-0.171306	0.0472803	0.0339568	-0.0935034	-0.0746425
589	0.000976562	-0.569999	-0.60456	-0.152505	0.0212867	0.73475	0.315997
590	0.000976562	-0.840909	0.740285	0.976055	0.373435	-0.385647	-0.434852
591	0.000976562	0.540875	0.0965595	-0.861234	0.0376342	0.04853	0.648703
592	0.000976562	-0.333831	0.23564	0.678607	0.315869	0.143112	-0.113247
593	0.000976562	-0.446729	0.784398	-0.0513042	0.671272	-0.433833	0.124108
594	0.000976562	-0.39059	0.766784	-0.0492891	-0.137893	-0.597283	0.00647062
595	0.000976562	0.483552	0.0217474	-1.01659	-0.396715	-0.0694832	0.745931
596	0.000976562	0.675861	0.809617	-0.92486	-0.357198	-0.229847	0.824586
597	0.000976562	0.240843	-0.383996	-0.186001	-0.0752332	0.281823	0.00375425
598	0.000976562	0.440578	-0.01109	-0.816144	-0.267999	-0.225884	0.687988
599	0.000976562	0.802087	-0.486069	-0.679701	-0.52526	0.205133	0.347884
600	0.000976562	-0.654766	-0.367735	-0.587509	0.486234	0.121654	0.536186
601	0.000976562	0.713202	-0.5546	-0.476748	-0.224019	0.523761	0.316944
602	0.000976562	-1.04927	0.123664	0.364583	0.669209	-0.192195	-0.14976
603	0.000976562	-0.391584	0.984043	0.879178	0.301338	-0.588396	-0.455347
604	0.000976562	0.185754	-1.01968	0.614777	-0.154173	0.564178	-0.28894
605	0.000976562	0.855566	-0.456341	0.273488	-0.292597	0.329356	-0.362484
606	0.000976562	0.540195	0.105053	-0.880494	-0.274436	-0.421742	0.709817
607	0.000976562	-0.732615	-0.0494515	-0.422808	0.844543	-0.297573	0.754087
608	0.000976562	-0.67323	-0.361172	-1.04028	0.293243	0.072366	0.748514
609	0.000976562	0.420385	-0.30011	-0.306008	-0.269214	0.256562	0.280955
610	0.000976562	0.737981	0.111094	0.621274	-0.532801	-0.0910405	-0.158643
611	0.000976562	-0.174353	0.619362	-1.20568	-0.148689	-0.345283	0.487807
612	0.000976562	-0.319824	-0.649913	-0.620999	0.244393	0.780203	0.52679
613	0.000976562	0.483349	-0.524517	-0.928422	-0.2644	0.359018	0.502074
614	0.000976562	-0.937174	0.275481	-0.223659	0.667036	-0.15423	0.56633
615	0.000976562	-0.234896	1.02445	-0.460651	0.0221836	-0.655379	0.404998
616	0.000976562	0.525032	-0.421718	-1.21296	-0.240138	0.124705	0.861455
617	0.000976562	0.916903	0.291013	0.872902	-0.743223	-0.320968	-0.413792
618	0.000976562	-0.512892	-0.965543	-0.226547	0.171836	0.907514	-0.00259861
619	0.000976562	0.192872	1.15624	-0.700149	-0.00795816	-0.679572	0.26876
620	0.000976562	-0.620515	0.468442	0.0119133	0.333188	-0.191965	-0.0296469
621	0.000976562	-0.71426	-0.798545	-0.146896	0.639857	0.745679	-0.0802202
622	0.000976562	0.955862	0.0535035	0.843944	-0.7098	-0.087253	-0.379393
623	0.000976562	-1.11187	0.499335	-0.335471	0.562792	-0.464159	0.220464
624	0.000976562	-0.372788	0.715961	0.472699	0.152389	-0.689803	-0.391428
625	0.000976562	0.462572	0.349749	0.311305	-0.227994	-0.362021	-0.361759
626	0.000976562	0.398206	0.310958	0.18786	-0.318176	-0.113628	-0.0536553
627	0.000976562	0.524844	-0.245446	-0.45006	-0.625649	0.355141	-0.179734
628	0.000976562	-0.275359	-0.588092	-0.550816	0.0732108	0.576191	0.0777591
629	0.000976562	-1.16887	-0.465218	-0.338817	0.835158	0.285163	0.164776
630	0.000976562	-0.632422	-0.412012	-0.335489	0.580817	0.423989	1.01862
631	0.000976562	0.46378	-0.595961	-1.16904	-0.350046	0.264343	0.552369
632	0.000976562	-0.994739	-0.391122	0.420785	0.391316	0.143248	-0.536235
633	0.000976562	-0.963467	0.114148	-0.452675	0.599407	-0.622109	0.444686
634	0.000976562	1.04148	0.173348	-0.696496	-0.70122	-0.112103	0.398164
635	0.000976562	-0.758665	0.330339	0.450018	0.561516	-0.0473935	-0.355485
636	0.000976562	0.919582	-0.785719	0.020851	-0.596982	0.726116	-0.25229
637	0.000976562	-0.206927	-0.935605	-0.0120057	-0.0749795	0.354917	-0.342828
638	0.000976562	-0.630914	-0.0156671	-0.63015	0.34183	-0.210954	0.731866
639	0.000976562	1.10751	-0.495595	0.250328	-0.896154	0.0131612	-0.180814
640	0.000976562	-0.752015	-0.00734533	-0.452601	0.749017	-0.426605	0.667591
641	0.000976562	1.13163	-0.561308	0.268742	-0.615108	-0.0603178	-0.296231
642	0.000976562	1.0168	0.116183	0.949347	-0.500957	-0.0758644	-0.549449
643	0.000976562	0.482944	0.122019	1.03484	-0.261047	-0.143866	-0.326219
644	0.000976562	0.584985	-0.713255	-0.747395	-0.244933	0.625569	0.414114
645	0.000976562	0.908387	-0.737796	0.122229	-0.954696	0.262479	-0.0606425
646	0.000976562	0.142729	0.480505	-0.627043	-0.0198218	-0.394143	0.367032
647	0.000976562	-0.51046	-0.854085	-0.158521	0.0708612	0.491756	0.125673
648	0.000976562	0.308903	1.31872	0.668512	-0.378024	-0.806967	-0.15041
649	0.000976562	0.211652	-0.610152	-0.885784	0.0687368	0.0018246	0.673023
650	0.000976562	-0.301214	-0.839939	-0.0917341	-0.146305	0.48846	-0.335706
651	0.000976562	-0.103178	-0.577722	-1.01936	-0.327073	0.611763	0.673701
652	0.000976562	0.618401	-1.0021	0.288596	-0.552144	0.440528	-0.12806
653	0.000976562	0.0948393	-0.872944	-0.0542755	-0.000576878	0.408391	0.0142482
654	0.000976562	-0.504611	0.926679	0.0369797	0.151738	-1.20224	-0.0544277
655	0.000976562	-0.111879	-0.667677	-0.960918	0.263326	0.242117	0.903046
656	0.000976562	-0.320311	0.156524	0.54022	0.326363	-0.299766	-0.263551
657	0.000976562	0.0813831	0.637838	-1.22787	-0.208281	-0.600696	0.322959
658	0.000976562	0.690972	0.891422	-0.809953	0.0197258	-0.711396	0.283157
659	0.000976562	-0.913519	0.58739	1.04087	0.445838	-0.386276	-0.500546
660	0.000976562	-0.640168	-0.322442	0.0483515	0.517996	0.301325	-0.467549
661	0.000976562	-0.547919	0.529607	-0.0811134	0.0663546	-0.0679323	0.00368148
662	0.000976562	0.381584	0.192495	0.0223067	-0.13996	-0.323305	0.238691
663	0.000976562	-0.292076	1.09231	0.366584	0.0502328	-0.637021	-0.200519
664	0.000976562	0.527829	-0.667744	-0.927415	-0.286734	0.697025	0.325601
665	0.000976562	-0.746652	-0.33849	-0.535274	0.310069	0.493888	0.27681
666	0.000976562	0.16428	-0.3086	0.834811	-0.260603	0.446203	-0.466424
667	0.000976562	-0.928415	-0.32017	0.43387	0.801676	0.431287	-0.0364298
668	0.000976562	0.112595	-0.958489	0.13969	-0.270723	0.801153	0.202942
669	0.000976562	-0.452415	0.165423	-1.00005	0.225037	-0.330856	0.550487
670	0.000976562	0.625967	0.0903555	-0.491199	-0.267685	0.138329	0.443581
671	0.000976562	-0.283474	0.306291	0.56296	0.455086	0.0381381	-0.252576
672	0.000976562	-0.177135	0.787983	-0.188869	-0.0923883	-0.716242	0.303748
673	0.000976562	-0.66535	-0.128191	-0.492645	0.232947	0.160478	-0.101759
674	0.000976562	-1.06567	0.256229	-0.299663	0.63624	-0.180779	0.296653
675	0.000976562	0.942617	-0.703483	0.026249	-0.734911	0.248317	-0.0332826
676	0.000976562	0.70899	0.122544	-0.598435	-0.410671	-0.221389	0.551218
677	0.000976562	0.0268266	0.0380745	-1.08624	-0.00337658	-0.0368413	0.712604
678	0.000976562	-0.498857	0.227678	-0.886842	0.21943	-0.0766867	0.594601
679	0.000976562	-0.0706821	-0.618278	-1.11892	0.136848	0.309988	0.565368
680	0.000976562	-0.530491	-1.02016	-0.185229	0.377435	0.915587	0.177682
681	0.000976562	-0.640878	-0.462071	-0.0611829	0.203057	0.0720033	-0.403843
682	0.000976562	-0.457043	-0.942053	-0.249084	-0.146662	0.797869	0.114958
683	0.000976562	0.419566	0.938147	-0.771784	0.101611	-0.641312	0.28203
684	0.000976562	0.295741	1.09329	0.67853	0.0117668	-0.730786	-0.279912
685	0.000976562	0.596481	0.0620455	-0.585945	-0.41497	-0.267382	0.339505
686	0.000976562	0.572743	0.0972758	-0.653933	-0.703669	-0.0251379	0.265448
687	0.000976562	0.478256	0.0571997	-0.802361	-0.0231236	0.0735182	0.423472
688	0.000976562	1.04584	-0.397722	-0.529268	-0.621453	0.0098132	0.457817
689	0.000976562	1.19029	0.160432	0.259368	-0.904871	0.202009	-0.126791
690	0.000976562	0.568561	-0.572513	0.385212	-0.267478	0.377056	-0.284471
691	0.000976562	-0.0856586	-0.385632	1.16684	0.174293	0.262313	-0.851333
692	0.000976562	0.633969	-0.391567	-0.297007	-0.134609	0.602774	0.0572192
693	0.000976562	0.138595	-0.87866	-0.0260741	-0.315593	0.376023	0.055468
694	0.000976562	-0.398774	-0.34958	0.123653	0.0918784	0.195599	-0.504906
695	0.000976562	-0.272996	-0.976782	-0.908597	0.0865087	0.718081	0.436514
696	0.000976562	0.535729	-1.10911	0.1249	-0.21102	0.823333	-0.161387
697	0.000976562	1.2012	-0.647004	-0.0861363	-0.67522	0.296893	-0.0287669
698	0.000976562	1.0546	0.274777	0.00936561	-0.5009	-0.0775414	-0.0172105
699	0.000976562	-0.0806632	0.565235	-0.304102	-0.0714226	-0.383251	0.122677
700	0.000976562	-1.09985	0.695633	-0.479739	0.55382	-0.353994	0.311604
701	0.000976562	-0.35981	0.0959493	-0.936761	0.126408	-0.498611	0.602508
702	0.000976562	1.11487	0.311601	0.0669631	-0.814766	0.164927	-0.0396665
703	0.000976562	0.213332	1.20353	0.669332	-0.0440732	-0.269187	-0.159053
704	0.000976562	0.124895	0.0963589	1.1073	-0.00532882	-0.00748477	-0.71206
705	0.000976562	0.672225	0.0524802	-0.386061	-0.238203	-0.292468	0.282984
706	0.000976562	-0.405187	0.0106114	-0.546506	0.234692	-0.455356	0.326205
707	0.000976562	-0.129961	-0.512379	0.0166902	-0.122414	0.21817	-0.0369428
708	0.000976562	-0.896421	-0.82886	0.430838	0.456327	0.536596	-0.582916
709	0.000976562	-0.120826	-0.632145	1.10679	0.270294	0.516199	-0.507381
710	0.000976562	-0.158555	-1.22391	0.431864	0.10742	0.624732	-0.432567
711	0.000976562	-0.837786	0.377589	0.402731	0.35355	-0.202666	-0.18448
712	0.000976562	1.33963	0.514945	0.0830479	-0.730561	-0.570061	0.184115
713	0.000976562	0.36429	-0.31996	-0.388331	-0.333757	0.347671	0.299984
714	0.000976562	-0.702432	-0.139963	-0.401557	0.589711	-0.331944	0.479317
715	0.000976562	0.300162	-0.224573	1.17767	-0.222287	0.349189	-0.815957
716	0.000976562	0.758786	-0.852579	-0.0335781	-0.261705	0.622531	0.080922
717	0.000976562	0.596123	0.186869	-1.00439	-0.393998	-0.113117	0.678556
718	0.000976562	-0.0760761	-0.177088	-0.46014	-0.0811655	0.0699265	0.312801
719	0.000976562	0.241021	-0.535416	-0.984128	-0.197602	0.24445	0.251232
720	0.000976562	0.589685	-0.658786	1.1286	-0.447791	0.568425	-0.308151
721	0.000976562	0.0991951	-0.664978	-1.04214	-0.0784912	0.615322	0.646383
722	0.000976562	0.889976	-0.793351	0.103557	-0.714822	0.159196	0.033729
723	0.000976562	-0.271697	0.0534838	0.691412	0.0349326	0.275384	-0.47358
724	0.000976562	-0.740264	0.122468	0.420946	0.573304	-0.0637101	-0.322891
725	0.000976562	0.6938	0.81455	-0.743427	-0.4713	-0.389368	0.198472
726	0.000976562	-0.190624	0.0466019	-0.64992	0.0223909	-0.243379	0.409151
727	0.000976562	0.117682	0.168473	0.991979	-0.262354	-0.0682534	-0.489122
728	0.000976562	-0.298103	0.235222	0.558455	-0.274298	-0.269582	-0.0338114
729	0.000976562	-0.272159	0.298362	0.814815	-0.0135022	-0.414091	-0.636185
730	0.000976562	0.66661	0.866141	0.479886	-0.353495	-0.503908	-0.180826
731	0.000976562	0.499639	0.0786668	-0.714449	-0.137348	-0.0445399	0.40225
732	0.000976562	0.0520505	-1.12563	0.0691833	-0.07947	0.870914	-0.117277
733	0.000976562	0.599036	-0.135322	-0.250994	-0.431436	0.162833	0.173756
734	0.000976562	-0.714064	-0.203657	-0.370038	-0.0047544	-0.448771	0.285964
735	0.000976562	0.330918	-0.186003	1.2224	-0.382429	0.149297	-0.658105
736	0.000976562	-0.618575	0.609689	-0.253618	0.275684	-0.361339	0.287482
737	0.000976562	1.14336	0.274121	0.203455	-0.712841	-0.0360407	-0.29377
738	0.000976562	-0.460478	-0.479579	-0.994824	0.328426	0.280981	0.704813
739	0.000976562	0.25947	-1.03835	-0.139493	-0.269718	0.679979	0.0499179
740	0.000976562	-0.389834	0.818999	-0.0772871	0.232065	-0.462774	0.54981
741	0.000976562	0.287714	-0.941671	-0.144128	-0.0898494	0.707515	0.206624
742	0.000976562	-0.271661	0.755443	0.527959	0.486517	-0.459507	-0.209532
743	0.000976562	-0.284132	0.724518	-0.919898	0.169308	-0.483177	0.588873
744	0.000976562	0.550734	0.115112	-0.67418	-0.393764	-0.184489	0.179968
745	0.000976562	-0.89673	-0.162676	-0.236255	1.10627	-0.0137267	0.0179793
746	0.000976562	-0.105316	-0.58681	-1.03769	0.280067	0.39006	0.728125
747	0.000976562	0.191306	-0.190146	0.834688	-0.158396	0.10964	-0.320381
748	0.000976562	1.08876	-0.513247	0.15973	-0.53672	0.213311	-0.319954
749	0.000976562	-0.261717	-1.16514	0.25282	0.0506948	0.856955	-0.256811
750	0.000976562	-1.00793	0.271571	-0.103295	0.791354	-0.291734	-0.159498
751	0.000976562	0.651878	0.210865	-0.604666	-0.434658	-0.268822	0.404574
752	0.000976562	-0.924162	0.32948	0.225165	0.554516	-0.187613	0.012128
753	0.000976562	-0.565486	0.636276	0.50347	0.229895	-0.651435	-0.184063
754	0.000976562	0.571291	-0.0947187	-1.2718	-0.298052	-0.0950092	0.76739
755	0.000976562	-0.498631	-0.231933	-0.205269	-0.0937385	-0.248504	0.0707506
756	0.000976562	-0.832954	-0.0671728	-0.548956	0.626749	-0.399804	0.498193
757	0.000976562	-0.142611	-1.09066	0.598842	0.076007	0.519743	-0.46393
758	0.000976562	0.518505	-0.473758	-1.04143	-0.435202	0.441707	0.120437
759	0.000976562	-0.822227	0.78426	-0.136008	0.628067	-0.570474	0.125766
760	0.000976562	0.312179	0.932217	-1.16626	-0.106608	-0.489605	0.572135
761	0.000976562	0.520766	-0.434705	0.786395	-0.28272	0.202337	-0.202256
762	0.000976562	0.558999	0.0302854	-0.414618	-0.308888	-0.0413986	0.195425
763	0.000976562	0.0467161	0.626479	1.18272	-0.0619651	-0.304817	-0.723964
764	0.000976562	0.243943	-0.814065	-0.0690708	-0.218706	0.359895	0.20502
765	0.000976562	0.397194	-0.787804	0.728258	-0.31576	0.498603	-0.350741
766	0.000976562	1.00064	0.171017	0.969991	-0.463506	0.226186	-0.585763
767	0.000976562	-0.459793	0.226097	1.12714	0.609138	-0.0346602	-0.650197
768	0.000976562	0.426993	0.924795	-0.83061	-0.233607	-0.384343	0.687607
769	0.000976562	-0.0238453	-0.599444	0.113331	-0.173985	0.282451	-0.33791
770	0.000976562	-0.393665	0.249625	0.598045	-0.179864	-0.265035	0.14881
771	0.000976562	0.203931	-0.867574	0.0866826	-0.221482	0.457801	0.0998976
772	0.000976562	-0.434275	0.854525	-0.172562	0.263652	-0.529102	0.292975
773	0.000976562	0.678801	0.840584	-0.649462	-0.409255	-0.661456	-0.0574902
774	0.000976562	0.150223	-0.939466	0.810737	0.00746615	0.493161	-0.640199
775	0.000976562	0.510513	-0.983828	-0.0271566	-0.113481	0.650668	-0.224423
776	0.000976562	0.405151	0.464113	0.209361	-0.262594	-0.243564	-0.329272
777	0.000976562	0.850277	-0.551083	-0.421236	-0.433413	0.566178	0.135203
778	0.000976562	-0.580388	-0.0762462	-0.369653	0.320479	0.0694042	0.194227
779	0.000976562	-0.0609027	-0.681661	-0.504612	-0.252846	0.597614	0.266487
780	0.000976562	0.975687	0.135381	-0.45177	-0.661206	-0.117137	-0.00781551
781	0.000976562	0.305813	-0.262483	-0.395494	0.0505854	0.226749	0.282701
782	0.000976562	1.11683	0.460006	-0.445501	-0.63329	-0.084826	0.243177
783	0.000976562	-0.360756	-0.596322	-0.666997	-0.0605046	0.252166	0.415425
784	0.000976562	-0.627826	-0.054418	0.749314	0.352721	0.256123	-0.54489
785	0.000976562	1.13809	0.331882	0.0742795	-0.786269	-0.24579	0.0104962
786	0.000976562	-0.627912	-0.437173	0.0797155	0.509542	-0.0675809	-0.409213
787	0.000976562	0.24357	-0.0461511	0.620797	-0.225762	0.0491219	-0.134174
788	0.000976562	0.930309	1.11058	-0.105064	-0.366724	-0.735797	0.108385
789	0.000976562	0.284844	-0.204655	1.23078	-0.258106	0.0295717	-0.600191
790	0.000976562	-0.00876869	-0.354389	1.23883	0.158803	0.242068	-0.812516
791	0.000976562	-0.394079	-0.428884	0.18013	-0.111906	0.305901	-0.323507
792	0.000976562	-0.208024	-0.674176	-0.721666	-0.0413663	0.408997	0.264745
793	0.000976562	-0.931711	0.417065	0.535408	0.651193	-0.484662	-0.181422
794	0.000976562	0.944095	0.354026	-0.044567	-0.391158	-0.204659	0.0546177
795	0.000976562	-0.0175639	0.696851	-1.22323	-0.0635398	-0.481999	0.575493
796	0.000976562	-0.525502	0.183213	1.1237	0.524108	-0.15329	-0.735007
797	0.000976562	-0.153689	0.526781	-1.2167	0.0120027	0.0346543	0.759069
798	0.000976562	-0.465623	0.350124	-0.999565	0.070653	-0.0733088	0.566033
799	0.000976562	-1.08214	-0.453239	0.544514	0.849277	0.413814	-0.309632
800	0.000976562	-0.695224	-0.409038	-0.474636	0.249372	0.154207	0.757361
801	0.000976562	0.186985	-0.547435	-1.01403	-0.180784	0.249394	0.590667
802	0.000976562	-0.153415	0.241715	0.802296	-0.124723	0.200919	-0.431129
803	0.000976562	0.106049	-0.99737	0.928127	0.000312392	0.503742	-0.629978
804	0.000976562	-0.4026	0.158038	-0.948985	0.352517	-0.120716	0.80079
805	0.000976562	0.0918832	0.00813221	1.14502	0.0614556	-0.0115105	-0.673034
806	0.000976562	-0.73768	0.996638	-0.929476	0.374245	-0.467055	0.386522
807	0.000976562	0.322882	-1.13724	0.491712	-0.203239	0.63308	-0.41115
808	0.000976562	-0.0608816	-0.424796	1.09902	-0.0456961	0.477413	-0.536297
809	0.000976562	0.389819	-1.19553	0.216248	-0.269527	0.839162	-0.445837
810	0.000976562	-0.289317	0.318806	-1.09061	0.281347	-0.336259	0.514415
811	0.000976562	-0.271673	0.319336	0.925335	0.139242	-0.38852	-0.479924
812	0.000976562	0.0569477	0.665526	1.05496	-0.316896	-0.463274	-0.43977
813	0.000976562	-0.935961	-0.364191	0.585227	0.437708	0.0866849	-0.454568
814	0.000976562	0.755679	-0.182643	-0.277551	-0.330807	0.229552	0.144839
815	0.000976562	1.16326	-0.431476	0.208357	-0.562659	0.486506	-0.374799
816	0.000976562	0.547028	-0.482438	-1.03503	-0.415518	-0.0387107	0.483318
817	0.000976562	0.251252	0.997262	0.76671	-0.0370342	-0.310169	-0.148704
818	0.000976562	0.990552	-0.738139	0.0643447	-0.690352	0.256199	0.171849
819	0.000976562	0.0504994	-0.487832	0.341955	0.0865493	0.182736	-0.44294
820	0.000976562	-0.545288	0.270764	-0.185056	0.0391606	-0.2645	0.115753
821	0.000976562	0.843786	0.792388	0.542955	-0.42664	-0.368663	-0.301861
822	0.000976562	0.216105	1.16917	0.71239	-0.384942	-0.383682	-0.272325
823	0.000976562	0.824087	-0.4197	-0.622561	-0.465194	0.291297	0.531302
824	0.000976562	0.287595	0.238465	0.0903433	-0.254763	-0.0849586	0.0629855
825	0.000976562	-0.686901	-0.625084	-0.0347258	0.734655	0.553616	-0.288324
826	0.000976562	-0.324465	1.05095	0.062592	-0.0150991	-0.954697	-0.14429
827	0.000976562	-0.590638	-0.130328	0.723871	0.477288	0.482877	-0.588138
828	0.000976562	0.490062	-0.737269	1.16139	-0.291031	0.236552	-0.567554
829	0.000976562	-1.16626	-0.145022	0.670991	0.771602	-0.107626	-0.299064
830	0.000976562	-0.259323	-0.512777	-0.290172	-0.187365	0.259945	0.103575
831	0.000976562	-0.952972	-0.311305	0.487657	0.315855	0.207438	-0.325986
832	0.000976562	1.15956	-0.577042	0.15469	-0.648849	0.375726	-0.340256
833	0.000976562	-0.420923	-0.873435	-0.0888171	-0.105616	0.918087	0.0942094
834	0.000976562	-0.561664	-0.596639	-0.0634525	0.0943587	0.644332	0.183916
835	0.000976562	-0.615475	-0.319238	1.22931	0.342909	0.202562	-0.659397
836	0.000976562	-0.114831	0.596151	-1.25737	0.299797	-0.434497	0.552858
837	0.000976562	-0.127313	-0.144139	0.0102738	-0.203616	-0.0468637	-0.214802
838	0.000976562	0.677248	0.811617	-0.857195	-0.136617	-0.570623	0.551924
839	0.000976562	-0.119651	-1.35291	0.403007	0.139606	0.687834	-0.159629
840	0.000976562	0.236236	-0.867466	-0.180206	-0.181825	0.391309	-0.0544768
841	0.000976562	0.453206	0.335079	0.199314	-0.273304	-0.441698	-0.216751
842	0.000976562	-0.799375	-0.466543	-0.689779	0.642014	0.737357	0.660325
843	0.000976562	0.78509	0.111506	0.612639	-0.174843	-0.0852921	-0.169576
844	0.000976562	1.1006	0.30992	0.0301327	-0.298817	-0.108494	0.125058
845	0.000976562	-0.516598	0.324471	-1.04259	0.25452	0.00251771	0.608673
846	0.000976562	0.872202	-0.106096	0.737272	-0.355899	0.212889	-0.430698
847	0.000976562	0.564193	-0.611478	1.18896	-0.577961	0.241162	-0.624302
848	0.000976562	-0.986718	-0.34015	0.535943	0.63802	0.412743	-0.478195
849	0.000976562	-0.58738	-0.515079	-0.0762271	0.310981	0.22313	-0.0885888
850	0.000976562	-0.443054	0.0565567	-0.697895	0.0581029	-0.0714994	0.611154
851	0.000976562	-0.0109048	0.636549	1.13352	0.0286193	-0.880709	-0.577245
852	0.000976562	0.520481	-0.595009	1.17653	-0.254981	0.542307	-0.510482
853	0.000976562	-0.217365	-0.610124	-0.682211	0.138353	0.350173	0.70094
854	0.000976562	0.257692	-0.150064	1.06987	-0.359882	0.311933	-0.666024
855	0.000976562	0.0916621	-0.682311	-1.04646	-0.00705694	0.0601528	0.754575
856	0.000976562	0.743026	0.124102	-0.443818	-0.290423	-0.228939	0.340952
857	0.000976562	-0.561638	-0.423307	-0.195252	0.0746982	0.346114	-0.158687
858	0.000976562	0.235759	0.841994	0.793445	-0.248712	-0.464031	-0.516994
859	0.000976562	-0.998249	0.286014	-0.303266	0.912338	-0.280941	-0.123189
860	0.000976562	-0.695852	0.0623992	-1.05422	0.427409	-0.109234	0.746507
861	0.000976562	0.48799	-0.473241	-0.902132	-0.400344	0.492274	0.735232
862	0.000976562	0.511894	0.0378485	-0.520538	-0.318518	0.145594	0.329755
863	0.000976562	-0.398897	-0.244126	1.28565	0.44959	0.229779	-0.672181
864	0.000976562	0.189243	-0.367796	0.783892	0.0174446	0.31019	-0.490614
865	0.000976562	0.841251	-0.133965	0.697097	-0.556005	0.186278	-0.198252
866	0.000976562	-0.858857	-0.816198	0.629497	0.469805	0.465479	-0.249433
867	0.000976562	-0.813878	-0.486539	-0.626873	0.605223	0.529414	0.692613
868	0.000976562	-0.369404	1.41298	-0.336813	0.123527	-0.718543	0.237441
869	0.000976562	-0.325359	-0.937734	-0.108082	0.432389	0.751282	0.37399
870	0.000976562	-0.691125	-0.468004	-0.628829	0.900322	0.557225	0.45679
871	0.000976562	1.00034	0.573052	0.161026	-0.548987	-0.672572	-0.0804055
872	0.000976562	-0.63359	-0.366771	-0.029835	0.298939	0.194561	-0.35216
873	0.000976562	0.462553	-0.168957	-0.455646	-0.528902	0.318684	-0.141096
874	0.000976562	1.32316	0.471626	0.0738424	-0.728529	-0.188735	-0.0751368
875	0.000976562	-0.225187	0.860385	0.450047	0.251594	-0.602934	-0.420951
876	0.000976562	0.864083	0.578439	0.184431	-0.486849	-0.381696	-0.121313
877	0.000976562	-0.279469	-0.945299	-0.0770922	-0.0566124	0.376539	-0.325999
878	0.000976562	0.427406	-1.20334	0.25052	-0.0703459	0.640651	-0.272606
879	0.000976562	0.157606	-0.92312	0.855087	-0.048023	0.409204	-0.37748
880	0.000976562	-0.067115	0.565236	-0.255842	-0.278691	-0.263252	0.255314
881	0.000976562	0.791866	0.534233	0.207379	-0.220966	-0.423211	-0.161462
882	0.000976562	1.04964	0.243246	-0.0898895	-0.793062	-0.0624622	-0.149316
883	0.000976562	-0.451552	1.12755	0.0191614	0.467237	-0.994313	-0.0120866
884	0.000976562	-0.48449	0.240169	-0.879316	0.107161	-0.146628	0.711615
885	0.000976562	-0.570632	-0.607195	-0.183783	0.0769098	0.287184	0.156627
886	0.000976562	0.462412	-0.50761	-0.880064	-0.185131	0.278805	0.394763
887	0.000976562	-0.0251042	0.924944	-0.235348	-0.236469	-0.685448	0.153943
888	0.000976562	0.0568265	-0.547461	1.25294	0.142794	0.382635	-0.413308
889	0.000976562	0.499746	0.0829022	1.02194	-0.386194	0.0719574	-0.459526
890	0.000976562	-0.4371	0.81522	0.512072	0.259177	-0.287477	-0.229892
891	0.000976562	0.77902	0.0775306	0.570339	-0.454921	-0.020632	-0.307286
892	0.000976562	0.489262	-0.0535343	-0.523525	-0.456073	0.0845791	0.173174
893	0.000976562	0.970028	-0.391907	0.153113	-0.353956	-0.0221642	-0.179299
894	0.000976562	-0.524208	0.911864	0.0674411	0.620154	-0.499119	-0.234054
895	0.000976562	0.72223	0.404682	1.24976	-0.421045	-0.412784	-0.590097
896	0.000976562	0.606353	0.0142889	-0.467629	-0.293268	0.0981667	0.506203
897	0.000976562	-0.195971	-0.798896	0.340776	0.0881901	0.439318	-0.574272
898	0.000976562	-1.13037	0.339494	-0.298454	0.740645	-0.219423	0.0565162
899	0.000976562	0.608393	0.28816	-0.570362	-0.596874	-0.454048	0.368876
900	0.000976562	-0.249265	-0.847834	-0.0337454	0.128533	0.749642	-0.306466
901	0.000976562	-0.801612	-0.0821063	-0.534942	0.595187	-0.686623	0.506911
902	0.000976562	-0.726477	-0.204713	0.817989	0.469807	0.233754	-0.472328
903	0.000976562	-0.0329709	0.809385	-0.690788	0.0318311	-0.500612	0.344327
904	0.000976562	-0.404624	0.0574354	-0.966721	0.444219	-0.357629	0.755305
905	0.000976562	-0.49711	0.490303	0.947139	0.43687	-0.367069	-0.607507
906	0.000976562	0.476438	0.0536269	-0.723405	-0.148842	-0.0185228	0.843945
907	0.000976562	-0.0253629	0.735155	-0.911456	0.0261105	-0.460593	0.409167
908	0.000976562	-0.224489	0.171359	-0.616094	-0.0556741	-0.0913002	0.392712
909	0.000976562	-0.502952	-0.696471	-0.212218	0.440691	0.744248	-0.455881
910	0.000976562	-0.780961	0.980437	0.0430824	0.539654	-0.43974	-0.101486
911	0.000976562	0.680702	-0.188165	-0.288769	-0.475098	0.0115175	0.171761
912	0.000976562	-0.435595	0.287454	0.61961	-0.110246	0.191226	-0.0889515
913	0.000976562	-0.505099	-0.167968	-0.195762	-0.0341718	0.099114	-0.116749
914	0.000976562	0.969061	0.000999135	0.853255	-0.739765	-0.366646	-0.288692
915	0.000976562	-0.108511	0.309908	1.04648	0.0488139	-0.0581163	-0.684024
916	0.000976562	-0.276933	-1.00466	-0.086845	-0.240928	0.613916	0.0587329
917	0.000976562	-0.108527	0.550923	0.963058	0.303987	-0.501637	-0.520831
918	0.000976562	0.108232	-0.941405	0.943479	-0.0391902	0.565167	-0.23825
919	0.000976562	-0.204399	-0.67224	-0.576964	0.199516	0.235406	0.300246
920	0.000976562	-0.135852	0.286199	0.994339	0.0351855	-0.0226819	-1.00884
921	0.000976562	0.428251	0.967867	-0.822148	-0.419258	-0.638223	0.431285
922	0.000976562	0.492791	0.0253463	-0.922725	-0.492078	-0.22651	0.849995
923	0.000976562	-0.289302	-0.424996	0.0866987	0.0333353	0.242967	-0.381617
924	0.000976562	-0.229458	0.31843	0.761744	0.0729049	-0.147339	-0.465936
925	0.000976562	0.670336	0.344834	1.10344	-0.243541	-0.251164	-0.735825
926	0.000976562	-0.532436	0.0226496	0.767075	0.466553	-0.129869	-0.380093
927	0.000976562	-0.80195	-0.860692	0.480976	0.406187	0.4786	-0.330963
928	0.000976562	0.901834	1.14591	-0.124253	-0.537885	-0.495847	0.0288448
929	0.000976562	0.642183	-0.727627	-0.585322	-0.340775	0.646191	0.274532
930	0.000976562	-1.116	0.680087	-0.519941	0.623608	-0.576704	0.374194
931	0.000976562	0.771907	-0.227195	0.753277	-0.392709	0.297452	-0.364092
932	0.000976562	0.148881	0.628539	1.02192	0.0572355	-0.202306	-0.655245
933	0.000976562	0.752052	-0.240299	-0.378783	0.00515306	0.151832	0.117805
934	0.000976562	1.00012	1.00257	0.660556	-0.430776	-0.53756	-0.191646
935	0.000976562	-0.36618	-0.206187	-0.154515	0.0216184	0.013388	-0.125739
936	0.000976562	-0.583712	-0.183094	0.780319	0.360168	0.18338	-0.525857
937	0.000976562	-1.08626	0.303622	-0.364644	0.904413	-0.159293	-0.115346
938	0.000976562	-1.05561	-0.445298	0.6438	0.648064	0.399866	-0.236264
939	0.000976562	0.461055	1.20116	0.0318367	-0.162997	-0.604964	0.0323881
940	0.000976562	-0.837745	-0.286507	-0.377409	0.252152	-0.247482	0.242782
941	0.000976562	0.426998	0.355241	1.19912	-0.321073	-0.223345	-0.744965
942	0.000976562	1.05435	0.268769	0.02709	-0.334139	0.0832385	0.133097
943	0.000976562	0.555813	0.0510156	-0.653873	0.0343792	-0.362069	0.343947
944	0.000976562	-0.656542	-0.0846015	-0.36093	0.727218	-0.361513	0.317707
945	0.000976562	-0.00197549	0.628699	-0.226042	-0.130387	-0.3375	0.203402
946	0.000976562	-0.530182	-0.443315	-0.946333	0.400977	0.212329	0.81116
947	0.000976562	-0.113193	0.200994	0.49873	-0.0268429	-0.183071	-0.107699
948	0.000976562	-0.448359	-0.460389	-0.0289623	0.201513	0.41757	0.0904141
949	0.000976562	-0.157726	-0.689754	0.95016	0.204556	0.455621	-0.402182
950	0.000976562	0.322635	0.794366	0.61619	-0.274118	-0.340775	-0.187534
951	0.000976562	-0.345051	0.876172	-0.162895	0.167253	-0.854401	0.547904
952	0.000976562	0.158216	1.26066	0.636093	-0.0369432	-0.77161	-0.379987
953	0.000976562	0.775718	0.0963348	1.02603	-0.561313	0.0258132	-0.43843
954	0.000976562	-0.350375	-0.892181	-0.0763963	0.166432	0.776167	-0.140706
955	0.000976562	-0.594254	-0.084557	-0.78456	0.293556	-0.000342033	0.752059
956	0.000976562	-1.07599	0.488748	0.508009	0.701402	-0.148296	-0.462307
957	0.000976562	1.16257	0.410785	-0.0360288	-0.606681	-0.191526	-0.202603
958	0.000976562	-0.254712	0.962976	1.01128	0.182425	-0.523441	-0.599451
959	0.000976562	-0.130594	-0.592403	-1.13415	0.122405	0.0438199	0.907948
960	0.000976562	0.982142	0.25688	-0.129333	-0.409006	-0.465651	0.250778
961	0.000976562	-0.489811	0.873298	0.0938358	0.858101	-0.497972	-0.192786
962	0.000976562	-0.935126	-0.289684	0.481627	0.867971	0.418001	-0.300653
963	0.000976562	0.511928	-0.466554	0.819444	-0.264113	0.48102	-0.317192
964	0.000976562	0.111964	-0.65449	-0.915389	-0.105902	0.547489	0.592511
965	0.000976562	1.00638	-0.588962	-0.11547	-0.567497	0.374571	-0.0651841
966	0.000976562	-0.523941	0.258359	0.488577	0.58437	-0.226561	-0.105135
967	0.000976562	0.376538	0.284566	0.170443	-0.287395	-0.253262	-0.221614
968	0.000976562	0.373614	0.267031	0.138676	-0.18361	-0.443609	-0.0956204
969	0.000976562	1.09702	0.367317	-0.550894	-0.733896	-0.330146	0.390553
970	0.000976562	-0.950729	0.427659	0.48774	0.48918	-0.0655305	-0.480343
971	0.000976562	-0.116121	0.599649	1.13134	-0.264807	-0.202717	-0.554244
972	0.000976562	0.995226	-0.59736	-0.227576	-0.657932	0.274459	0.293331
973	0.000976562	0.0426617	0.614338	-1.19771	0.0866899	-0.24383	0.764957
974	0.000976562	-0.56932	-0.604914	-0.229271	0.155254	0.829611	0.214462
975	0.000976562	-0.146941	0.822688	-0.175387	-0.109473	-0.460466	0.42027
976	0.000976562	0.9353	-0.780257	0.360644	-0.446065	0.483599	-0.466295
977	0.000976562	-0.345886	0.312151	1.02561	0.161363	0.042717	-0.787711
978	0.000976562	-0.55886	-0.401153	-0.479146	0.173905	0.526366	0.326893
979	0.000976562	-0.204019	0.445528	0.784832	0.100553	-0.29164	-0.392124
980	0.000976562	0.205014	0.170028	1.00969	-0.0534802	-0.118941	-0.437058
981	0.000976562	-0.6124	-0.040582	0.750868	0.104702	0.166088	-0.493617
982	0.000976562	-1.04166	-0.494428	0.418238	0.399024	0.0318922	-0.493716
983	0.000976562	0.833554	0.149835	0.604287	-0.165703	0.0170916	-0.17225
984	0.000976562	0.789142	0.247084	-0.213159	-0.571508	-0.165086	-0.0143691
985	0.000976562	-0.553356	-0.222065	-0.452985	-0.127314	0.0220118	0.637177
986	0.000976562	-0.47499	-1.09381	0.766463	0.188315	0.513831	-0.418701
987	0.000976562	0.507554	0.0846039	-0.703691	-0.0304169	0.127214	0.653164
988	0.000976562	-0.435729	0.968544	0.0462045	0.44098	-0.932545	0.138324
989	0.000976562	0.0263368	-0.158698	-0.407189	-0.0645246	-0.0425065	0.138666
990	0.000976562	0.470316	-0.282355	-0.380769	0.140762	-0.132337	0.169877
991	0.000976562	0.538771	-0.387223	-1.18072	-0.226895	-0.0472511	0.795671
992	0.000976562	-0.644088	-0.214388	-0.407451	0.459087	0.0481545	0.297732
993	0.000976562	-0.299708	-1.12673	0.26235	0.168157	0.752954	-0.28012
994	0.000976562	0.938522	0.635158	-0.71171	-0.606943	-0.521438	0.368996
995	0.000976562	0.825415	0.639888	-0.653418	-0.557014	-0.299457	0.410393
996	0.000976562	-0.951087	-0.363216	0.438783	0.892021	-0.0100746	-0.688684
997	0.000976562	0.711621	0.4024	1.03146	-0.406272	-0.162277	-0.625985
998	0.000976562	-1.05641	0.109505	0.360147	0.779999	-0.0137427	-0.196103
999	0.000976562	0.920423	1.23442	-0.164657	-0.45274	-0.392001	-0.00683392
1000	0.000976562	0.732851	0.155836	1.03716	-0.46725	0.0487505	-0.453598
1001	0.000976562	-0.00963088	0.633089	1.07026	0.0212659	-0.291434	-0.753617
1002	0.000976562	0.57699	0.0995919	-0.741022	-0.39536	-0.46263	0.272463
1003	0.000976562	-0.588965	-0.430644	-0.541642	0.340292	0.554585	0.662794
1004	0.000976562	0.777703	0.195882	0.966493	-0.779938	0.156522	-0.432821
1005	0.000976562	-0.271984	-0.106142	0.0860051	-0.180931	-0.0197195	-0.230812
1006	0.000976562	-0.407523	-0.998617	-0.287591	0.641385	0.919681	0.421473
1007	0.000976562	0.782949	0.423782	1.11327	-0.397379	-0.418452	-0.579164
1008	0.000976562	-0.469263	-0.999463	-0.298617	0.104351	1.05528	-0.250243
1009	0.000976562	-0.481893	0.965178	0.00125164	-0.0145628	-0.546085	-0.218325
1010	0.000976562	-0.186551	0.0840882	-0.590296	-0.160731	-0.348923	0.514394
1011	0.000976562	0.189901	-0.533984	-0.979425	0.058776	0.0110112	0.629895
1012	0.000976562	0.718145	-0.383393	-0.435746	-0.542111	0.179491	0.395128
1013	0.000976562	-0.511734	0.592727	-0.113337	0.334702	-0.437701	0.487435
1014	0.000976562	0.543288	0.0752995	-0.568016	-0.548695	-0.415657	0.0340421
1015	0.000976562	-0.226821	-0.224279	0.9146	0.174059	0.285865	-0.467287
1016	0.000976562	-0.0301534	0.655677	1.10052	0.264506	-0.356683	-0.627623
1017	0.000976562	-0.394965	-0.918928	-0.256077	0.573198	0.717669	-0.185494
1018	0.000976562	-0.926937	0.624573	-0.295521	0.490445	-0.522937	0.194323
1019	0.000976562	0.211606	1.21969	0.766022	-0.0232746	-0.389108	-0.449515
1020	0.000976562	-0.0197875	0.665225	-1.18621	-0.409919	-0.372129	0.693187
1021	0.000976562	-1.01755	0.303194	-0.333302	0.669216	-0.328021	0.154866
1022	0.000976562	-0.785194	-0.0607905	-0.501762	0.81832	-0.319261	0.165334
1023	0.000976562	0.412223	-0.960367	0.139904	-0.510659	0.695326	-0.126688
