6.000000e+00
1024
0	0.000976562	-0.165557	-0.0330444	0.12048	0.161449	-0.814901	-1.20859
1	0.000976562	-0.148373	0.0259197	-0.0605882	0.0924306	0.0665738	-0.496164
2	0.000976562	-0.113016	-0.0413052	0.172338	1.50286	-1.94992	-0.282564
3	0.000976562	0.095594	0.0466016	0.0857871	-2.10778	-0.396709	-1.1068
4	0.000976562	0.187607	0.142033	0.166354	-1.57774	-0.804075	-0.288467
5	0.000976562	-0.00136462	-0.0214672	0.0865267	-0.0697765	-1.78471	-0.209154
6	0.000976562	-0.145804	0.00174266	-0.0819822	0.196978	-0.972699	-2.16419
7	0.000976562	0.0878086	0.00527008	-0.0664546	-1.80337	0.2902	0.891417
8	0.000976562	-0.0866448	0.0906303	-0.0160773	0.966684	0.869434	2.03408
9	0.000976562	-0.195381	0.0644232	0.0385355	2.10894	1.07731	-1.20866
10	0.000976562	-0.0612364	-0.207947	-0.0578655	1.24334	1.35115	0.976327
11	0.000976562	-0.0299585	0.0614708	-0.159623	0.491151	0.0429815	1.23544
12	0.000976562	-0.0571538	0.259258	0.0582235	0.0571848	0.582523	0.0413526
13	0.000976562	-0.0519328	-0.179116	-0.0860563	0.717808	2.58355	-0.561436
14	0.000976562	-0.029707	-0.135634	-0.0659903	-0.15258	2.43783	0.326784
15	0.000976562	-0.056971	-0.204847	0.219523	1.40701	0.656398	1.43022
16	0.000976562	-0.0692857	-0.0563163	0.0423455	-0.462737	0.438956	2.15966
17	0.000976562	0.0881875	-0.0643418	-0.0491757	-1.54591	-0.855393	-0.347777
18	0.000976562	-0.0385637	0.211507	-0.309003	-0.65218	-1.3185	0.977752
19	0.000976562	0.00929107	0.115746	0.281927	-0.158426	-1.88518	-1.14881
20	0.000976562	-0.145882	-0.00553295	-0.0735797	-0.313632	0.201147	-0.250262
21	0.000976562	0.0390263	-0.377045	0.0733004	1.16336	0.677706	0.896646
22	0.000976562	0.0132778	0.117726	0.0235936	1.71094	-0.0297726	-1.19675
23	0.000976562	-0.164564	0.0289405	0.0430459	-0.25943	-0.528333	-0.958858
24	0.000976562	0.0520355	0.0359326	0.104625	-1.20239	0.489725	-1.8888
25	0.000976562	0.144809	0.0711064	0.13269	0.109198	0.509842	-2.17652
26	0.000976562	0.236553	0.0937169	0.253191	-1.91397	-0.412635	-0.457039
27	0.000976562	0.0739834	-0.302242	-0.0107372	1.3997	-0.341332	0.816413
28	0.000976562	-0.0612108	-0.00548386	-0.0572508	-0.700217	1.98343	0.781443
29	0.000976562	0.0397091	0.060155	-0.114496	-1.17332	-0.780372	0.922199
30	0.000976562	-0.0322284	-0.241413	-0.118393	1.00057	-0.220425	0.584109
31	0.000976562	-0.13719	0.027152	0.038291	1.50502	-0.649746	-2.03975
32	0.000976562	-0.0805215	0.0655006	-0.0217703	0.860152	0.318546	-0.34817
33	0.000976562	0.025005	0.0304904	-0.0144857	1.13744	-0.434044	0.551289
34	0.000976562	0.0254097	-0.24426	0.096182	0.44944	0.767486	-0.0407387
35	0.000976562	-0.122979	0.0285355	0.0918623	0.139705	0.899664	2.22229
36	0.000976562	-0.0909319	-0.0146972	-0.0936928	1.33117	-0.552507	-0.885006
37	0.000976562	-0.0100558	-0.0362796	0.0232245	1.40457	0.312401	0.37273
38	0.000976562	-0.393667	0.303871	-0.180488	0.865188	-1.13193	0.896544
39	0.000976562	0.0764142	-0.0857619	-0.0492969	0.714142	1.27237	0.323423
40	0.000976562	-0.326541	0.0785119	-0.235433	0.58593	1.10382	0.27965
41	0.000976562	0.109652	-0.210018	-0.031143	2.3961	0.17767	0.764614
42	0.000976562	-0.182241	0.0904958	0.220174	1.13161	0.899933	1.68718
43	0.000976562	0.0810365	-0.0672498	0.0759736	-0.316279	1.09754	-2.11337
44	0.000976562	0.0423489	0.0610584	0.00514393	0.577586	-0.597991	-1.12953
45	0.000976562	0.251854	-0.00804327	-0.222931	-1.53802	-0.794413	1.08435
46	0.000976562	-0.0561269	0.0665317	-0.0355959	-0.747408	1.16352	-0.00649685
47	0.000976562	-0.244625	0.0281469	0.169596	0.417682	-1.69682	-0.306996
48	0.000976562	0.0853882	0.0242845	-0.0056697	-0.456766	0.332071	1.67869
49	0.000976562	0.0103678	-0.014678	-0.347482	1.0129	0.899619	0.337989
50	0.000976562	0.0418219	0.153836	-0.204318	-0.818835	-1.34243	1.03302
51	0.000976562	0.00487203	0.0884638	-0.0159859	0.926641	-0.958727	-1.16067
52	0.000976562	0.0722246	0.0122963	-0.114438	-1.51372	-0.608117	1.30386
53	0.000976562	-0.159811	0.351574	0.154259	-0.422305	-1.39453	-0.887958
54	0.000976562	-0.0273249	0.07391	0.103989	1.14027	0.0812882	1.62722
55	0.000976562	0.00618152	-0.119028	-0.0440318	1.66822	0.945253	1.11108
56	0.000976562	-0.11254	-0.373536	0.0143675	0.479857	0.528414	0.255195
57	0.000976562	-0.00933466	-0.0459871	0.18494	-0.570156	-1.67136	-1.61846
58	0.000976562	0.217767	-0.062814	-0.0634591	1.88218	0.374151	0.820542
59	0.000976562	0.0848052	-0.153965	-0.0344649	-0.408891	-0.764383	1.21957
60	0.000976562	-0.00620661	-0.125871	0.0147124	0.827819	-1.15043	-0.302852
61	0.000976562	-0.162717	0.0554209	0.152267	0.331471	0.263161	-2.34464
62	0.000976562	0.129795	0.0760258	-0.118134	-1.02045	-1.69028	1.42298
63	0.000976562	0.0275516	-0.158857	-0.0634532	-1.22596	1.04953	1.13997
64	0.000976562	-0.110732	-0.0264313	-0.099069	1.09122	-0.992779	-0.900878
65	0.000976562	-0.100054	-0.333128	-0.0380422	1.35533	-0.989054	-0.0771924
66	0.000976562	0.0907857	-0.0890085	-0.0171719	1.75893	-0.562245	0.0858988
67	0.000976562	-0.114056	0.143081	0.18241	1.74761	0.505498	1.01666
68	0.000976562	0.110488	-0.219934	-0.11617	1.60831	0.140565	0.755761
69	0.000976562	0.103082	0.0928843	-0.313469	1.25256	0.657166	0.590062
70	0.000976562	-0.0577535	-0.0479279	-0.0171635	1.06777	0.11444	-0.737978
71	0.000976562	0.113361	-0.252325	0.0551188	1.32221	1.29891	0.106495
72	0.000976562	0.0681985	-0.0474024	-0.0332484	-1.48104	-0.299404	1.08225
73	0.000976562	-0.000832471	0.179907	-0.123456	0.817394	-1.00031	-0.878079
74	0.000976562	0.0367171	-0.068848	0.00117287	-1.76415	1.17474	-0.623153
75	0.000976562	-0.0422402	-0.0943245	-0.140635	0.476134	-0.933388	2.07369
76	0.000976562	-0.0751925	-0.371594	-0.0970973	0.924261	0.425808	0.40714
77	0.000976562	0.00890274	-0.0439663	-0.0327773	-1.72985	1.68044	-0.718417
78	0.000976562	-0.177491	0.247749	0.0395319	1.18847	0.495492	1.32549
79	0.000976562	-0.179662	-0.0102044	-0.154401	0.426968	1.8143	0.05046
80	0.000976562	-0.0724196	-0.110993	-0.201965	-1.47656	1.87347	0.0738653
81	0.000976562	-0.0672161	0.0232977	-0.0551858	0.806142	0.446879	0.935027
82	0.000976562	-0.00780373	-0.0999329	-0.00731788	1.21217	1.71604	-0.0146857
83	0.000976562	-0.0608293	0.038393	0.0885753	1.28715	-0.145103	-1.76402
84	0.000976562	0.0352117	0.0536542	-0.0920529	0.983946	-0.0120811	-0.163909
85	0.000976562	0.213335	-0.0284106	0.310971	-1.17561	0.0406956	-1.03107
86	0.000976562	-0.0156047	0.0289121	-0.0647975	1.78708	0.945138	-1.15005
87	0.000976562	0.0443055	0.0612196	0.0476551	-1.92135	-1.61633	0.35714
88	0.000976562	-0.133359	-0.0155334	-0.154689	0.509278	-1.04099	-0.476608
89	0.000976562	0.0536424	-0.0168358	-0.0150206	0.722441	1.53552	0.320885
90	0.000976562	0.00168685	0.138463	-0.293035	1.12736	0.838506	-0.180637
91	0.000976562	0.0662714	-0.204125	-0.0510053	-1.34648	-0.610699	-0.698086
92	0.000976562	0.0477493	0.0161442	0.0407959	0.558031	-0.965714	-1.59789
93	0.000976562	-0.081024	0.131538	-0.16165	0.287915	0.1727	0.734568
94	0.000976562	-0.149556	0.218272	0.284951	-0.0535535	-1.64082	-1.18933
95	0.000976562	-0.0991934	-0.16026	-0.0174313	2.08296	-1.64162	-0.343456
96	0.000976562	0.011725	-0.135893	-0.0165163	0.273775	2.38283	-1.20487
97	0.000976562	0.00610741	0.0406555	-0.0505916	-2.20867	-1.00702	0.180331
98	0.000976562	0.0190894	0.0917534	0.0949133	-0.0385845	0.248858	-1.68807
99	0.000976562	-0.0657021	-0.0420177	-0.140127	2.75046	0.659911	-0.135626
100	0.000976562	0.063667	-0.263933	-0.0307217	0.900847	-0.12655	1.33008
101	0.000976562	0.00415617	-0.05398	0.00970678	1.09861	0.189083	1.25943
102	0.000976562	0.0985713	0.0438652	0.043055	0.507205	0.704651	0.200063
103	0.000976562	0.00218785	0.0097458	0.0223322	0.379654	-0.949558	-1.71744
104	0.000976562	0.250625	0.0800847	0.396064	-1.11856	-0.630467	-1.38692
105	0.000976562	0.05741	0.000455602	0.0394035	-0.90956	0.342713	1.92453
106	0.000976562	0.00472232	-0.0622007	0.0519816	1.866	-0.0539905	-1.86247
107	0.000976562	0.107217	-0.0116934	-0.0636048	-1.37499	0.258114	2.41296
108	0.000976562	0.0209844	-0.121636	0.140478	1.33576	0.895473	0.342205
109	0.000976562	0.0528483	-0.042624	0.0743478	-1.21649	0.975349	-1.38926
110	0.000976562	-0.011685	-0.100569	-0.109341	-1.45577	-0.252878	1.49825
111	0.000976562	0.106973	-0.142856	-0.0225258	-1.5791	-0.811669	-0.606476
112	0.000976562	-0.0781508	-0.112376	0.088375	1.18749	1.47067	0.927714
113	0.000976562	-0.0208713	0.0719708	-0.0508663	1.98871	-2.10906	-0.390774
114	0.000976562	-0.078343	-0.064791	0.000861202	1.05353	1.11737	0.0994992
115	0.000976562	0.0366021	0.0576037	0.00829535	-1.54501	0.296578	0.158319
116	0.000976562	-0.15726	-0.0791462	0.108793	1.51744	-1.02875	0.396215
117	0.000976562	0.12068	0.091983	-0.180311	0.601009	0.0752686	0.916465
118	0.000976562	0.0867178	0.0887266	0.230616	-0.891286	0.733199	-1.51186
119	0.000976562	0.0838954	0.0355186	0.0847867	0.627346	1.22623	0.235911
120	0.000976562	-0.0188894	-0.0355741	0.000249628	2.04041	0.277459	1.27953
121	0.000976562	0.268317	-0.0858077	-0.0342293	-1.52093	1.3178	0.0662924
122	0.000976562	-0.0631404	0.0314513	-0.0718525	-0.523688	-1.20638	-0.899823
123	0.000976562	0.0104894	0.0120197	0.165223	0.47943	1.33616	-2.14363
124	0.000976562	-0.108731	-0.188246	0.0129423	0.527317	-1.21149	-0.68833
125	0.000976562	0.0538606	0.0705717	0.0843365	-0.367298	0.195333	-2.24495
126	0.000976562	0.0295288	-0.0311454	-0.0749576	-1.78206	1.83976	-0.724742
127	0.000976562	0.0400661	-0.15368	0.0724021	-0.101273	-0.159678	-2.03885
128	0.000976562	-0.208723	0.145367	-0.211129	0.341628	0.710104	0.0679412
129	0.000976562	0.00807263	-0.427121	-0.0466001	0.706838	0.773414	0.370227
130	0.000976562	0.174738	-0.171575	-0.0242737	-2.0834	1.01546	0.302775
131	0.000976562	0.0847073	-0.095724	-0.0208734	0.801763	1.88741	-0.0315396
132	0.000976562	0.0014892	0.037733	-0.0773392	2.00677	0.932206	-0.572497
133	0.000976562	0.12269	0.0366828	-0.0626998	-2.17501	1.19277	-0.13233
134	0.000976562	0.0875297	-0.0518192	-0.0826574	1.01222	-0.11777	-1.35496
135	0.000976562	0.120986	0.0564784	-0.167868	-1.64584	-1.04522	-0.836588
136	0.000976562	0.101374	0.0371562	-0.0602053	-1.3426	0.114037	0.980058
137	0.000976562	0.0542221	0.15669	0.266586	-0.944346	-1.82462	-0.975129
138	0.000976562	0.166244	0.0876044	-0.131119	-2.27282	0.755732	-0.360898
139	0.000976562	-0.110178	-0.14037	0.00897288	1.33751	-1.15207	-0.685818
140	0.000976562	-0.170192	0.0483775	-0.123829	1.59399	0.750299	0.954361
141	0.000976562	0.0592135	0.0541447	0.0841159	-0.563575	-0.0643954	-2.01195
142	0.000976562	0.16187	0.287713	-0.362633	-0.855052	-1.11982	0.908821
143	0.000976562	-0.0608441	0.407923	0.217054	-0.464882	-1.31305	-0.716199
144	0.000976562	-0.0441974	-0.0695821	-0.0563447	1.66007	-0.655158	-1.18146
145	0.000976562	-0.173197	-0.0273126	-0.0596568	0.867273	0.276983	-0.386286
146	0.000976562	-0.0436924	0.0309482	0.160098	-0.383856	0.394409	-2.21312
147	0.000976562	-0.0358264	-0.0344741	-0.0820378	-1.20616	0.0471776	1.4485
148	0.000976562	-0.0349624	0.0368115	0.00526957	-1.13543	0.52217	0.327477
149	0.000976562	0.140187	-0.0619483	-0.0663545	-2.30835	0.443227	0.731728
150	0.000976562	0.104138	-0.0742823	-0.142027	-2.43795	1.35041	0.505836
151	0.000976562	-0.118957	0.0506603	0.0100688	-0.0834467	-1.45018	-1.78781
152	0.000976562	0.0532591	0.486245	0.351025	-0.387466	-1.31776	-0.616591
153	0.000976562	0.0318193	0.13132	0.0348164	-0.327939	0.820943	-0.506531
154	0.000976562	0.12975	-0.265771	-0.0319392	1.32697	0.00344194	0.964458
155	0.000976562	-0.0456334	0.00827961	0.0935193	0.743964	-1.85218	-0.425831
156	0.000976562	0.146247	0.0937597	-0.198735	-1.01353	-1.38602	1.2334
157	0.000976562	-0.0806025	0.157406	0.00440452	1.58592	1.0915	1.38192
158	0.000976562	-0.124059	-0.0376922	-0.216753	1.33302	-0.465045	2.08465
159	0.000976562	-0.199388	0.179399	0.0966259	1.40688	0.818992	0.637553
160	0.000976562	-0.123873	0.127489	-0.240152	0.0244221	-1.01869	1.90294
161	0.000976562	0.0361406	-0.269844	0.00790007	0.669735	1.42271	0.664136
162	0.000976562	0.0422192	0.0300873	-0.103796	0.16534	-1.31622	-1.50339
163	0.000976562	0.208276	-0.149001	-0.049853	-2.20225	-0.570921	-0.168227
164	0.000976562	-0.0378772	0.195133	-0.271268	0.199348	-1.01365	1.61529
165	0.000976562	0.0264308	0.174135	-0.068789	0.420758	0.85173	0.634771
166	0.000976562	0.250831	-0.124463	-0.09749	1.33981	0.605047	0.861492
167	0.000976562	0.0182333	0.0621638	0.17432	-0.296821	-0.815651	-0.891003
168	0.000976562	0.0546613	0.0938918	0.199056	0.428733	-0.898516	-1.62531
169	0.000976562	-0.00773858	-0.192826	0.0634909	1.20781	1.03711	0.666943
170	0.000976562	-0.117138	0.0694328	0.0438594	0.309517	-0.960075	-1.0613
171	0.000976562	-0.253709	0.130611	-0.112811	1.28311	-1.4456	1.06285
172	0.000976562	-0.0697644	-0.085408	-0.0785592	1.32336	-1.64833	0.379255
173	0.000976562	-0.214409	0.0102604	0.140753	0.704311	-1.45994	0.419856
174	0.000976562	0.11902	-0.0848091	-0.0674267	-1.53552	2.23003	1.17032
175	0.000976562	0.0155157	-0.0502008	-0.101144	-1.92089	-0.830518	0.0859768
176	0.000976562	0.134476	0.0394553	-0.258013	-0.0738118	-0.643009	2.0221
177	0.000976562	0.0977324	-0.21839	-0.124197	-0.477135	1.42344	1.76222
178	0.000976562	0.00550277	-0.147881	-0.00358259	-1.40032	0.613026	0.386487
179	0.000976562	0.232484	-0.141487	-0.0927831	0.567897	0.958132	0.949187
180	0.000976562	0.13759	-0.24223	0.0962168	1.43537	0.864084	0.336644
181	0.000976562	-0.0165949	-0.377188	-0.0841645	1.14508	0.519132	0.489732
182	0.000976562	0.247248	0.0801738	0.166668	-1.59024	-0.208035	-0.968446
183	0.000976562	-0.0362388	0.110903	0.185027	-0.720767	0.842863	-1.38586
184	0.000976562	0.141584	-0.12855	0.120242	0.375911	0.676135	-0.143828
185	0.000976562	-0.0296118	-0.0133917	0.0718548	-0.701913	1.86818	-0.822077
186	0.000976562	-0.0598111	0.0696289	0.0211073	0.833714	0.294956	0.453199
187	0.000976562	-0.189663	0.052475	-0.082854	2.23664	0.79562	-1.17107
188	0.000976562	0.065507	-0.0687727	-0.0350009	1.65329	-0.346929	-1.13203
189	0.000976562	-0.17692	0.100917	-0.0562886	1.25729	0.753784	0.702257
190	0.000976562	0.0268143	-0.261488	-0.258899	-0.742185	1.08128	1.58375
191	0.000976562	-0.066501	0.135126	0.145976	0.886838	-1.93378	-0.938763
192	0.000976562	0.0568715	-0.0510212	0.0627545	-1.65331	0.980003	-0.519829
193	0.000976562	-0.0434961	0.0301847	0.0445204	1.21364	-1.15739	-1.67571
194	0.000976562	-0.0356372	-0.179799	-0.0351664	-1.63611	-0.367867	1.00432
195	0.000976562	0.0500893	-0.033481	-0.0461779	0.0541331	0.515905	2.61627
196	0.000976562	0.104164	0.0161232	-0.0108818	-2.12431	1.39758	-0.301892
197	0.000976562	-0.0237425	-0.135338	0.063214	-0.772968	1.88966	1.172
198	0.000976562	0.0983455	-0.0250995	0.00309129	-1.29618	-0.779318	-0.450451
199	0.000976562	0.185674	0.0615747	0.150593	-1.11452	0.197791	-1.38224
200	0.000976562	-0.114754	0.0947085	-0.0823341	0.0179025	1.64627	-0.0927392
201	0.000976562	-0.0297314	-0.0301069	0.111205	-0.237444	-1.9419	-0.317132
202	0.000976562	0.00816884	-0.165881	0.0541698	-1.05724	1.92557	0.935588
203	0.000976562	0.104288	0.0532395	0.105588	-1.9447	-0.367093	-1.28159
204	0.000976562	0.232406	0.0838373	-0.166522	-1.30056	-0.879238	1.23442
205	0.000976562	0.300696	0.0854745	0.0128026	-1.67034	-0.690073	-0.298467
206	0.000976562	-0.0663248	-0.0880154	-0.0620988	0.873681	-1.39359	0.125952
207	0.000976562	-0.000673981	-0.0522887	-0.0932614	-1.57085	1.86203	0.231933
208	0.000976562	-0.0491364	0.0289059	0.0265298	0.881791	-2.76345	0.107175
209	0.000976562	0.00970396	-0.0629191	-0.0768772	1.22364	0.474849	0.722125
210	0.000976562	-0.118304	-0.0804519	-0.103965	0.907968	-0.662246	-1.41658
211	0.000976562	0.156898	0.0211773	-0.182658	-0.675846	-1.46022	1.58802
212	0.000976562	-0.129047	0.129075	0.0088084	0.868983	-0.707265	-0.80684
213	0.000976562	0.0168122	-0.0161958	-0.141584	1.39665	0.556657	0.663894
214	0.000976562	-0.053159	0.172541	0.225185	-0.706397	-1.30634	-1.53251
215	0.000976562	-0.0313684	-0.0269668	8.5022e-05	1.22856	-0.453967	-0.303137
216	0.000976562	0.0744763	-0.149509	-0.100488	-1.95867	-0.776552	0.00838918
217	0.000976562	0.0249294	0.0766723	0.0145886	1.45566	-0.49205	0.379542
218	0.000976562	-0.144263	-0.0757059	-0.319019	1.31634	0.87478	0.39771
219	0.000976562	0.116459	-0.0592295	0.150591	-1.27246	1.38253	0.0680659
220	0.000976562	-0.169727	0.0956551	-0.0855322	1.72005	-0.271567	0.92957
221	0.000976562	-0.0277297	-0.0578387	0.0107986	1.84731	0.059037	1.22702
222	0.000976562	-0.050456	0.0172016	0.100332	2.21288	-0.689561	-1.43203
223	0.000976562	-0.0623524	0.0700773	0.18764	0.684297	0.602466	-0.130545
224	0.000976562	0.0162213	0.765646	-0.129905	-0.088882	-1.25866	0.277251
225	0.000976562	-0.0977249	-0.261349	-0.0020124	0.696358	0.852687	0.236488
226	0.000976562	-0.250859	0.0351794	0.00249898	0.787972	-1.54664	0.767963
227	0.000976562	-0.18348	0.218321	-0.218479	1.46741	1.28219	-0.24063
228	0.000976562	-0.0294982	-0.101839	-0.135849	-0.5836	0.649791	2.6731
229	0.000976562	0.071913	-0.190813	-0.127082	-2.212	-0.298602	0.177985
230	0.000976562	0.322785	0.376592	-0.0451248	-0.926299	-1.30171	0.132411
231	0.000976562	0.0449233	-0.0508403	-0.0253043	-1.22434	-0.691155	-0.728686
232	0.000976562	0.148437	0.187687	-0.224201	-1.11707	-0.959134	1.05181
233	0.000976562	-0.117248	0.262742	0.194295	1.22135	-1.27135	-1.30844
234	0.000976562	0.0842664	-0.0714198	0.0358324	-1.90839	1.66443	-0.794162
235	0.000976562	0.0683026	-0.088888	0.182976	-0.512903	1.75034	-1.39767
236	0.000976562	-0.0287633	-0.0818706	0.0476744	1.22607	0.491819	-0.24971
237	0.000976562	-0.0286191	0.0493151	0.139032	-0.130927	0.612212	-2.0961
238	0.000976562	0.000384497	0.0354771	-0.204766	0.158411	-1.69954	1.52907
239	0.000976562	0.223264	0.0964793	0.326523	-0.652502	-1.52065	-0.961602
240	0.000976562	-0.0685486	0.0186691	-0.0903042	1.30441	-0.774535	-1.5569
241	0.000976562	-0.10284	0.0311261	-0.0826417	1.16388	0.328804	-1.66962
242	0.000976562	0.149002	-0.0355081	0.268714	-1.70408	-0.175923	-1.48687
243	0.000976562	0.0745168	-0.0104923	0.242556	-0.91735	0.716698	-2.26321
244	0.000976562	0.109767	0.0356662	-0.0360107	1.05074	-0.443897	-0.737211
245	0.000976562	-0.107676	0.0232484	0.129572	0.432023	-0.876426	-1.58351
246	0.000976562	0.037477	0.157443	0.0962708	0.412558	-0.114664	0.884725
247	0.000976562	-0.0984713	-0.134471	0.113252	1.1904	-1.0702	-0.261199
248	0.000976562	-0.105758	-0.124974	-0.078573	0.576127	-1.42358	-0.575519
249	0.000976562	-0.23167	-0.173499	0.0623892	0.498914	0.351088	1.51509
250	0.000976562	-0.0294626	0.0551831	0.0857629	0.529198	-0.399449	-1.4622
251	0.000976562	-0.0135083	0.213768	0.219935	-0.412464	-1.63414	-1.0739
252	0.000976562	-0.0310992	-0.0906444	-0.0994017	-2.01383	-0.683756	1.10811
253	0.000976562	0.200891	0.0627175	-0.403625	-0.928106	-0.76769	1.00232
254	0.000976562	-0.018986	-0.0691775	-0.0232973	-0.684864	-0.916861	-1.94013
255	0.000976562	-0.0459476	0.299954	0.316755	-0.0973338	-1.7298	-0.868844
256	0.000976562	0.0527081	-0.0922149	0.065171	0.727251	0.60758	0.0577461
257	0.000976562	-0.0652288	0.115498	0.0185743	1.89009	0.528612	0.768833
258	0.000976562	-0.250836	-0.0289316	0.104877	0.681265	-0.856608	-2.0166
259	0.000976562	0.0808622	0.210952	-0.303238	0.228608	-0.828698	1.73792
260	0.000976562	0.218406	0.0478735	-0.164459	-1.071	-1.56772	1.1577
261	0.000976562	0.0436841	-0.0021641	0.0564174	1.02976	1.10117	1.02934
262	0.000976562	-0.134464	0.030299	0.0101925	0.639869	-1.93458	0.835957
263	0.000976562	0.075618	0.00835874	0.0549425	-2.53374	-0.847906	0.0597386
264	0.000976562	-0.171653	-0.0366685	-0.0579992	0.21503	0.199286	0.103919
265	0.000976562	-0.0504713	0.118256	0.0197863	1.30331	-1.32114	-0.853132
266	0.000976562	-0.0183044	0.0659507	-0.069952	-1.39522	0.52617	0.662674
267	0.000976562	0.0842801	-0.022823	-0.109594	-1.45856	2.3718	-0.0920686
268	0.000976562	-0.016251	0.00034318	0.123075	-0.389642	-1.24454	-2.24396
269	0.000976562	-0.0176963	0.010833	-0.072569	1.17006	0.599338	0.618333
270	0.000976562	-0.0520846	0.0312466	0.0315405	1.03044	0.125751	-0.471867
271	0.000976562	-0.155018	0.312691	-0.142998	1.2063	0.853506	0.516492
272	0.000976562	0.434365	0.0245532	-0.205946	-0.80854	-1.1435	0.998444
273	0.000976562	-0.051023	-0.341976	-0.103685	1.16778	0.65297	0.784639
274	0.000976562	0.0373373	-0.0193075	-0.0452117	-0.91304	0.801745	2.0309
275	0.000976562	-0.148298	0.0505159	-0.0423573	1.79722	-1.7721	1.00789
276	0.000976562	0.107391	-0.029273	-0.0201974	-2.44979	-1.13986	-0.356703
277	0.000976562	0.0730759	0.0396623	0.0665755	-1.13357	-0.960488	-0.514302
278	0.000976562	-0.308983	0.120492	0.125173	0.651398	1.00948	0.561003
279	0.000976562	0.233087	-0.0292474	0.0490788	-1.98278	-1.23385	-0.58332
280	0.000976562	-0.0579119	-0.00531042	-0.198405	1.35996	0.597	0.375732
281	0.000976562	0.0147485	0.126962	0.237566	-0.0742767	-1.9939	-0.865322
282	0.000976562	0.165894	-0.13668	-0.0610287	-1.87389	-1.20333	1.47047
283	0.000976562	0.0163003	0.101676	-0.0943107	-0.445054	0.91917	0.536304
284	0.000976562	0.0638983	-0.133623	-0.101924	-2.8822	-0.667875	0.120638
285	0.000976562	0.259561	-0.151587	-0.34718	-0.623239	0.123699	1.8199
286	0.000976562	0.0181354	-0.250379	-0.0165347	0.496547	2.12853	-1.15525
287	0.000976562	0.00362463	0.0502176	-0.0167678	-0.779246	1.52847	-0.0422183
288	0.000976562	-0.0257608	0.0507849	0.00142833	1.49697	0.391829	0.501207
289	0.000976562	0.130423	0.0590381	0.131242	-1.39118	0.549983	-1.77704
290	0.000976562	-0.0866632	0.0987321	-0.151795	2.36908	1.14014	-0.351409
291	0.000976562	0.156813	0.048169	0.269421	-1.61398	-0.40536	-0.704586
292	0.000976562	0.0168881	-0.205123	0.217105	1.12011	0.28834	0.686782
293	0.000976562	-0.0134773	0.048291	0.0291311	1.62917	0.152573	1.18326
294	0.000976562	-0.0354363	0.0797241	0.183819	2.01998	-0.0297119	-0.00686529
295	0.000976562	-0.154365	-0.0456039	0.00233467	1.53842	-2.30901	-0.652922
296	0.000976562	-0.107081	-0.0261318	-0.185161	1.38344	0.56889	1.11068
297	0.000976562	0.0949204	0.0443514	0.275485	-0.74874	1.30379	-1.821
298	0.000976562	0.0164258	-0.103032	-0.117754	-2.39644	1.21411	-0.0165345
299	0.000976562	0.0273433	-0.0633305	-0.100603	-0.992874	2.49647	-0.162129
300	0.000976562	-0.0844329	0.214223	0.201236	-0.734204	-1.6244	-1.28352
301	0.000976562	-0.0824354	-0.0551031	-0.0682922	-0.250007	0.293107	-0.187522
302	0.000976562	0.0320401	0.469065	0.389734	-0.673712	-1.5201	-0.494132
303	0.000976562	-0.0589729	0.142726	0.174251	1.85592	0.576908	0.336556
304	0.000976562	-0.0926787	0.0129008	0.0818458	1.45519	0.528484	1.25309
305	0.000976562	0.0476481	-0.0177458	-0.102154	-0.970317	0.568483	2.38844
306	0.000976562	0.157554	0.066224	-0.104421	-1.69832	1.60298	0.63555
307	0.000976562	0.274451	0.16445	0.261884	-0.985954	-1.16012	-0.379795
308	0.000976562	0.044403	0.0272824	-0.130979	-2.20666	0.536772	0.483183
309	0.000976562	-0.0402689	0.0973271	0.0833922	-0.1631	0.0887219	1.74083
310	0.000976562	0.107866	0.24397	-0.162889	-0.801481	-1.70271	1.01725
311	0.000976562	0.134689	-0.0583958	-0.149508	-1.85253	-1.02972	1.49595
312	0.000976562	-0.0838471	0.0197287	-0.203545	1.36266	0.518324	1.41565
313	0.000976562	0.216742	-0.171676	0.0187747	-1.99321	-0.114763	-0.276748
314	0.000976562	0.0700596	0.00719285	0.234983	-1.20928	-0.380935	-1.85477
315	0.000976562	-0.158309	-0.342236	0.112425	1.4525	0.405709	0.508454
316	0.000976562	-0.156248	0.0949484	-0.0978354	0.743992	0.508795	-0.665362
317	0.000976562	0.0248752	0.109309	0.00133262	0.220559	-0.47295	0.933843
318	0.000976562	-0.148238	0.0274615	0.117663	0.350816	1.15888	1.04698
319	0.000976562	-0.0619067	-0.0441959	0.123563	1.68634	-1.78634	-0.458118
320	0.000976562	-0.0717056	0.0338393	-0.0935454	-0.198442	-1.33373	-1.06298
321	0.000976562	0.129862	-0.236664	-0.182134	-1.60733	1.17799	-0.412866
322	0.000976562	0.29878	0.402711	0.262709	-0.845636	-1.08387	-0.769392
323	0.000976562	-0.0425873	0.450639	-0.0753643	-0.0884235	-1.62225	0.362669
324	0.000976562	-0.13488	0.113662	-0.044068	0.393344	1.3381	-0.891666
325	0.000976562	-0.0252736	0.0958307	0.21221	-0.815395	0.644826	-1.68465
326	0.000976562	-0.133814	0.221953	-0.196537	1.61192	1.20074	0.100319
327	0.000976562	-0.0416467	0.0266627	0.0489944	0.0591298	-1.12326	-1.62823
328	0.000976562	-0.0256566	-0.0453499	-0.0568441	-1.07356	-1.08193	0.655231
329	0.000976562	-0.0176326	0.087633	0.13268	-0.0383229	-0.754144	-1.2611
330	0.000976562	-0.0958334	0.0645052	0.107349	-0.416538	0.183339	-1.31576
331	0.000976562	0.0545792	-0.0572813	-0.134881	-1.63272	0.0322601	2.53894
332	0.000976562	0.0349887	-0.0653941	0.22902	-1.47135	0.178972	-1.70903
333	0.000976562	0.116739	-0.00879235	-0.0500575	-1.44353	-0.397069	1.1864
334	0.000976562	0.0303314	-0.028353	0.0431162	1.0894	0.569258	0.15305
335	0.000976562	-0.0568195	0.0886934	-0.0159618	0.114989	-1.3507	-0.659447
336	0.000976562	-0.105553	0.0550736	-0.274269	0.731492	1.04522	1.07982
337	0.000976562	-0.0552739	0.00580727	-0.157887	2.12266	1.92005	0.125919
338	0.000976562	-0.0293113	0.0887616	0.140199	0.109275	-1.59084	-2.22495
339	0.000976562	-0.00815382	0.0249388	-0.00906569	2.29494	0.602092	-1.55088
340	0.000976562	-0.0673405	0.15987	-0.200116	0.872555	-0.0723914	0.590004
341	0.000976562	-0.140051	-0.00740705	0.0372335	-1.07533	1.10125	1.24795
342	0.000976562	-0.03069	0.125124	-0.056145	-0.656572	-0.514555	1.99221
343	0.000976562	-0.0570375	-0.11878	0.0824389	0.988271	-0.781721	-0.530291
344	0.000976562	0.0343575	-0.0942137	-0.0812978	2.21131	1.06593	-1.1275
345	0.000976562	0.121881	-0.0812171	0.0731828	-2.14111	-0.143884	0.672848
346	0.000976562	-0.0148716	-0.0595068	0.225896	-1.56666	0.385573	-1.60075
347	0.000976562	0.0189348	-0.211074	-0.0113245	1.05054	0.680875	0.668985
348	0.000976562	-0.0906179	-0.0651736	-0.038941	0.994835	-2.1188	0.475118
349	0.000976562	0.162747	-0.035322	0.197546	-0.477686	1.00902	-1.91657
350	0.000976562	-0.00784911	-0.0669519	-0.020435	-0.718277	2.40839	-0.656561
351	0.000976562	0.414367	0.273771	-0.419437	-0.536336	-0.887176	0.559312
352	0.000976562	0.00922897	-0.0331085	-0.0863636	-1.72203	-1.3081	0.636006
353	0.000976562	0.0587153	-0.020588	0.00396538	0.783033	-0.611315	-0.489598
354	0.000976562	0.0607012	-0.118771	-0.135316	-2.27271	0.103852	0.211875
355	0.000976562	0.120151	0.00932075	0.217152	0.610898	0.149945	-1.26338
356	0.000976562	-0.0246814	0.0614019	0.0842718	0.121553	-0.32115	-1.46243
357	0.000976562	0.0631775	0.139065	-0.179525	-1.94449	-0.809026	-0.155958
358	0.000976562	-0.0749784	0.0813523	-0.155005	2.20644	0.533031	-0.895363
359	0.000976562	-0.0548719	-0.139678	0.0197143	-1.42006	-0.344116	1.11187
360	0.000976562	-0.06632	-0.162506	0.0161809	1.14035	-0.887317	-0.0729115
361	0.000976562	-0.146545	-0.00235563	0.0497437	1.13311	0.606077	-0.168735
362	0.000976562	0.0158735	0.107374	-0.12818	1.65941	-0.628846	-0.581514
363	0.000976562	-0.253908	0.335641	0.250082	1.07585	-1.30517	-0.700451
364	0.000976562	-0.0375612	-0.171258	-0.231105	1.45856	0.327599	0.0957586
365	0.000976562	0.047776	-0.119417	0.0867325	-1.18328	-0.16069	1.42308
366	0.000976562	-0.010387	-0.0929258	-0.0722339	1.03711	0.646129	0.081088
367	0.000976562	0.120637	-0.299517	0.153276	1.01024	1.0352	0.591131
368	0.000976562	-0.0623232	0.0517985	-0.0557761	1.57889	-0.991305	-0.94366
369	0.000976562	-0.0865057	-0.0547111	-0.131798	-0.282062	1.35928	0.722065
370	0.000976562	-0.0301231	0.0342752	0.157192	1.17908	-1.82124	0.0434889
371	0.000976562	-0.0318318	-0.0112099	0.307188	-1.36879	-0.459242	-1.95737
372	0.000976562	-0.0501352	-0.159665	-0.0560233	-1.79875	0.232827	1.10135
373	0.000976562	-0.113211	-0.0903026	0.0721794	0.761667	-1.3092	-0.0540517
374	0.000976562	-0.00805432	0.134286	0.258339	-0.726752	-1.78334	-0.525048
375	0.000976562	0.0418669	-0.117335	-0.119926	-1.3924	1.29363	1.53619
376	0.000976562	-0.0588125	-0.0110694	0.0579989	0.914545	-0.201233	0.934828
377	0.000976562	0.0575371	-0.0742092	-0.115005	-1.98623	1.50246	0.230381
378	0.000976562	-0.0291414	0.00577829	-0.216065	1.30186	1.06887	0.52041
379	0.000976562	-0.0291466	0.155234	-0.0560363	0.319822	0.285222	0.811916
380	0.000976562	0.0750181	0.0962296	0.201352	-0.243037	0.0544212	-2.45427
381	0.000976562	-0.193485	-0.0173042	0.0345241	1.10958	0.960398	2.05849
382	0.000976562	-0.027014	0.093262	-0.0842843	-1.62262	0.182234	0.839048
383	0.000976562	-0.0245063	-0.0881969	-0.0505822	1.34379	1.01239	0.975277
384	0.000976562	-0.183496	0.171923	-0.186181	0.799912	0.881826	-0.165713
385	0.000976562	-0.0601942	-0.126597	0.0277444	-1.76869	1.46752	-0.679863
386	0.000976562	0.0227217	-0.0747001	0.00524151	-2.59305	-0.696113	-0.738458
387	0.000976562	0.160392	0.0280788	-0.0630905	-1.94451	0.812969	-0.882667
388	0.000976562	0.0773578	0.0835803	0.141433	0.589342	0.233534	-2.35923
389	0.000976562	0.0111082	0.136081	0.0734396	0.0673298	-1.11633	-0.960146
390	0.000976562	0.0619638	-0.0396535	-0.186749	-1.22134	-1.13289	1.64819
391	0.000976562	0.149784	0.0106747	0.0556336	-1.10227	-0.0460091	1.87261
392	0.000976562	-0.0754157	0.0150468	0.0314793	0.930716	-2.6746	0.222396
393	0.000976562	0.0726091	-0.0463928	0.111282	-1.18724	-0.518372	-1.73869
394	0.000976562	0.0782592	-0.138687	-0.0593586	1.82628	1.24307	0.63551
395	0.000976562	-0.0772018	-0.00818165	0.24543	1.21603	1.08063	-0.0534646
396	0.000976562	0.142899	0.0395951	-0.040839	-1.41473	1.32463	-0.915177
397	0.000976562	0.0587301	-0.13719	-0.091629	-1.54188	-1.06414	-0.274223
398	0.000976562	0.0376072	0.0668878	-0.14729	-1.05001	1.58404	0.403315
399	0.000976562	-0.0754673	-0.120106	0.103299	0.88256	-0.679487	-1.21061
400	0.000976562	0.043172	0.0379258	0.185918	-0.943163	0.436093	-2.18852
401	0.000976562	-0.128547	0.109721	-0.306349	0.60108	-0.406629	2.02398
402	0.000976562	0.359833	0.0975521	-0.055632	-1.62582	1.1236	-0.471282
403	0.000976562	0.0284006	0.0358117	0.117597	-1.51847	-0.180837	0.832691
404	0.000976562	0.00804695	0.212937	-0.203563	0.440076	-0.863103	1.77891
405	0.000976562	-0.125022	0.123047	0.151569	0.153128	-0.897059	-2.24169
406	0.000976562	0.0246126	-0.00369402	0.0871055	-0.00443291	-0.284217	-1.93862
407	0.000976562	-0.0594883	-0.112739	-0.174266	-1.5239	1.49464	0.789386
408	0.000976562	0.0108835	-0.0222165	0.0954833	0.707358	-1.73947	0.139191
409	0.000976562	0.141575	0.116718	-0.0927274	-1.15668	-1.80537	1.03643
410	0.000976562	0.199469	0.022753	-0.16004	-1.43705	-1.44122	1.17229
411	0.000976562	0.0322237	0.190327	0.0840494	-0.262109	0.974503	-0.62735
412	0.000976562	0.0741876	-0.0813883	-0.127454	-0.284587	-1.62891	-0.0683543
413	0.000976562	0.00269784	0.0885433	0.214685	-0.755188	0.468837	-2.45409
414	0.000976562	0.0353985	0.0921087	-0.186178	-1.71849	-1.01372	0.262479
415	0.000976562	-0.0587924	0.140675	0.17765	1.81322	0.686687	0.293452
416	0.000976562	0.0661107	0.011219	0.000719413	-1.65066	-1.28467	0.0552271
417	0.000976562	0.0401268	-0.0388783	0.18611	-1.00325	-0.0753121	-1.79926
418	0.000976562	-0.116995	-0.0169755	-0.00963804	0.445238	-1.23331	-1.36437
419	0.000976562	0.0568339	-0.0524612	0.0573948	-0.44957	1.56549	-1.8174
420	0.000976562	0.056871	0.152557	0.195988	-1.70265	0.0178863	-0.954092
421	0.000976562	-0.0805149	0.0635232	0.069598	-1.97812	-1.29772	-0.255459
422	0.000976562	-0.0381498	0.046599	0.00832569	1.49371	-0.0558812	1.29935
423	0.000976562	0.0489005	-0.292879	0.0341708	1.28737	0.873124	0.405917
424	0.000976562	-0.134012	-0.116844	-0.0970763	2.33492	1.16411	-0.601253
425	0.000976562	-0.0805587	-0.0760342	-0.018267	0.549088	-1.33377	-1.20991
426	0.000976562	0.00791059	-0.124877	0.0416735	0.904877	0.585526	-0.335843
427	0.000976562	-0.0941761	0.233688	-0.115348	1.19613	0.381506	0.443574
428	0.000976562	-0.130873	0.0437011	0.113512	0.127784	1.17445	1.04301
429	0.000976562	-0.022694	0.284898	0.192434	-0.419326	-1.62917	-0.831087
430	0.000976562	0.0809619	-0.0255452	-0.029401	1.12091	-1.22643	-0.762114
431	0.000976562	0.0281304	-0.179617	-0.0920723	-1.6544	-0.314021	1.12187
432	0.000976562	-0.0989222	-0.0810789	0.0784381	0.902762	-0.95278	-0.286144
433	0.000976562	-0.10558	0.0019844	0.0978718	0.628614	-0.946443	-2.57184
434	0.000976562	0.072491	-0.161177	-0.0327713	-1.3597	-0.341744	-0.763982
435	0.000976562	0.0116875	-0.330499	0.0581257	1.53835	0.927631	0.337525
436	0.000976562	0.0813868	0.161226	0.299752	-0.543692	0.103556	-1.70873
437	0.000976562	-0.113228	0.0489666	-0.185483	0.868951	0.692389	0.630698
438	0.000976562	0.00757928	-0.104481	-0.140045	-2.05463	-0.333899	0.689448
439	0.000976562	-0.16784	-0.0102878	-0.13392	-0.0269528	0.660819	-0.00828407
440	0.000976562	-0.11544	0.0362739	-0.187795	0.131446	1.54709	0.205494
441	0.000976562	-0.0394065	-0.139929	0.0415719	1.44024	-1.4347	-0.599026
442	0.000976562	-0.0196929	-0.0802455	0.142266	1.50708	-1.09439	-0.964812
443	0.000976562	-0.0594007	-0.123174	-0.175817	-1.31168	1.92646	0.572654
444	0.000976562	0.133092	0.0481271	-0.0751935	-2.36806	0.534647	-0.352482
445	0.000976562	0.0910259	-0.0448893	-0.117782	-1.03736	0.443339	1.93209
446	0.000976562	0.00507513	0.030099	0.231069	-0.170611	0.151052	-1.96525
447	0.000976562	0.0851423	-0.0521892	-0.057878	0.752342	-0.735726	-0.983768
448	0.000976562	0.112174	0.800775	0.0695227	-0.220472	-1.24559	0.0111727
449	0.000976562	-0.0506445	-0.0380491	0.0777122	2.40333	-0.384802	-1.62463
450	0.000976562	-0.160281	0.0260291	-0.00802547	0.122378	-1.0689	-2.09822
451	0.000976562	-0.0482747	0.0633933	0.0615976	0.600528	-0.312736	-1.14746
452	0.000976562	-0.0430207	0.0190587	0.133814	0.934016	1.58701	0.951144
453	0.000976562	-0.143414	0.0438417	0.175169	1.58115	-1.75137	-0.355947
454	0.000976562	0.0622923	0.026834	-0.107341	-2.29128	0.304732	0.0109261
455	0.000976562	0.110104	-0.042431	-0.171911	-2.13028	1.47366	-0.166908
456	0.000976562	-0.0134703	-0.210937	0.180695	-0.0873871	1.51428	-1.35245
457	0.000976562	-0.161055	0.179543	-0.103813	0.802758	0.324947	-0.0914748
458	0.000976562	0.125919	-0.0531951	-0.207206	-1.17462	1.66778	1.57417
459	0.000976562	0.0268786	0.195505	-0.137617	-1.22057	-1.31867	0.784596
460	0.000976562	-0.0867601	-0.0901795	0.0201494	1.11321	1.25029	1.4906
461	0.000976562	0.0242575	-0.180909	-0.122034	1.46313	-0.229069	0.423254
462	0.000976562	0.0708114	-0.140528	0.126123	0.588959	1.23148	-0.256512
463	0.000976562	0.0787103	-0.28788	0.0842404	0.587335	1.03339	0.390725
464	0.000976562	-0.00987378	-0.112506	-0.112382	1.56714	0.944014	1.13772
465	0.000976562	-0.0858558	-0.112339	0.0306172	2.63262	-0.966645	0.616536
466	0.000976562	-0.115353	-0.127958	0.174188	0.668413	-1.74925	0.0450905
467	0.000976562	0.176906	-0.0515829	0.0905363	-1.51465	-0.123009	0.289012
468	0.000976562	0.0385245	-0.083404	0.156181	-1.64117	-0.0224496	-1.85111
469	0.000976562	0.014651	0.0871988	-0.034412	0.739344	-0.443595	-0.53019
470	0.000976562	-0.0397991	-0.228909	0.0470638	1.93078	0.94578	0.236298
471	0.000976562	0.124915	0.0374017	-0.00537168	-0.60473	0.963073	1.57162
472	0.000976562	0.0264934	-0.0304889	-0.00813668	-0.511801	1.01095	2.40997
473	0.000976562	-0.0742689	0.0294692	-0.0202847	0.753108	-1.39625	1.96309
474	0.000976562	-0.0697204	-0.127026	-0.010001	-0.499475	-0.0355225	0.80961
475	0.000976562	0.40496	0.179894	-0.342477	-0.395737	-1.20802	0.902723
476	0.000976562	-0.0620387	0.0847009	-0.0630823	1.61701	-0.204	1.50888
477	0.000976562	-0.075496	0.169195	0.387673	0.507651	-1.47718	0.0288786
478	0.000976562	-0.092599	-0.18039	-0.0395065	1.00444	1.33296	1.3196
479	0.000976562	0.0654285	0.0754057	0.206265	-2.29949	-0.353523	-1.14463
480	0.000976562	-0.207543	0.172835	-0.18368	0.766242	0.635102	0.517761
481	0.000976562	0.010671	0.0908671	0.242692	-0.688949	0.964287	-2.36796
482	0.000976562	0.0308678	0.0299655	-0.129678	-0.745891	-0.367396	1.16371
483	0.000976562	-0.00952521	0.0952833	-0.115517	-1.48663	-0.360901	0.800861
484	0.000976562	0.0692352	-0.293323	-0.015963	1.23945	0.381757	0.801794
485	0.000976562	0.286571	0.00403892	0.274884	-1.16003	0.829662	-1.38313
486	0.000976562	-0.0555953	-0.19848	0.0161189	0.966573	1.6996	0.238551
487	0.000976562	0.0507023	0.00295967	-0.047616	-1.35319	-0.107445	1.75411
488	0.000976562	-0.0815343	-0.0669187	-0.0466062	0.817843	-1.47707	-0.295717
489	0.000976562	0.134168	-0.069322	-0.0208513	0.415409	1.0826	0.100092
490	0.000976562	-0.0583276	-0.315881	0.0307135	0.848115	0.889306	0.497449
491	0.000976562	-0.0302796	-0.115654	0.0383652	0.286654	1.18641	0.483298
492	0.000976562	0.0482609	-0.124278	-0.0960949	-1.37405	-0.497994	-0.425074
493	0.000976562	0.0485956	-0.140596	0.0449314	0.213632	-1.55375	-0.289479
494	0.000976562	-0.150969	0.0330226	0.249464	1.14773	0.978678	0.402241
495	0.000976562	0.324462	0.0362288	-0.301248	-0.72293	-1.09541	1.21177
496	0.000976562	0.00654468	0.0514231	-0.148912	-2.09712	-1.27594	0.29822
497	0.000976562	-0.115856	0.126512	0.228791	0.77696	-1.69149	-0.322897
498	0.000976562	-0.0623461	-0.0971325	0.0784134	0.85878	-1.46513	-0.730886
499	0.000976562	-0.126539	-0.0802621	-0.103572	0.937653	-0.720665	2.08616
500	0.000976562	0.0535717	0.168096	0.160641	-0.221556	0.317353	-1.96871
501	0.000976562	-0.0742203	-0.0607558	0.0300594	1.56012	-1.03357	-0.324123
502	0.000976562	-0.0434201	-0.103564	-0.0340972	1.35789	-1.03638	-0.730598
503	0.000976562	-0.0732425	-0.0119149	0.0385775	0.819694	-0.217412	-2.07591
504	0.000976562	0.0405362	0.0540062	-0.130688	-0.870337	1.45361	0.313089
505	0.000976562	-0.0125214	-0.0798746	0.0199713	0.837109	1.44066	0.945958
506	0.000976562	-0.0349911	0.136436	0.135387	0.666805	-2.08636	-1.06412
507	0.000976562	-0.0685223	0.137419	-0.275916	-0.287948	-0.920999	1.79965
508	0.000976562	0.0140067	0.256696	-0.192183	0.947564	1.25172	0.472842
509	0.000976562	0.0572425	-0.138866	-0.00787401	-1.54687	0.883382	0.656531
510	0.000976562	-0.019374	0.0192232	0.032626	-1.15135	-0.436348	0.752218
511	0.000976562	0.202551	-0.00939504	-0.150456	-1.29056	0.627351	1.10032
512	0.000976562	-0.0182297	0.0824186	-0.0138633	0.987779	0.89034	0.909983
513	0.000976562	0.170503	-0.182281	-0.223014	-1.76989	1.13679	-0.090937
514	0.000976562	0.125051	-0.0170422	-0.0558096	-1.23837	-0.32429	1.74576
515	0.000976562	-0.0190072	-0.0889695	0.129051	0.388225	-0.654742	-1.56091
516	0.000976562	0.027637	0.0618064	0.258067	-1.16118	0.0967751	-1.54528
517	0.000976562	-0.157206	0.266326	-0.150307	1.14128	0.651059	0.475189
518	0.000976562	0.0650363	0.154127	0.166234	-0.0207716	0.0888135	-2.04634
519	0.000976562	-0.243534	0.120592	-0.201198	0.65574	0.507241	0.233984
520	0.000976562	-0.0287514	0.0250117	0.135596	0.57363	-1.83948	-2.04001
521	0.000976562	0.228772	0.335562	-0.00363303	-0.695954	-1.60507	0.0652884
522	0.000976562	0.248919	0.421301	0.378703	-1.04888	-1.0418	-0.539284
523	0.000976562	0.230602	-0.0943871	0.0780958	-1.83969	-0.204738	-0.161036
524	0.000976562	-0.203921	0.0363615	0.200205	0.943103	-0.119109	-1.45214
525	0.000976562	0.0924369	-0.176286	0.308067	-0.895636	0.961758	-1.55185
526	0.000976562	0.363878	-0.0169385	-0.172152	-1.15605	-1.33315	1.09483
527	0.000976562	0.248707	-0.193771	0.0449246	-0.945558	0.156644	0.910824
528	0.000976562	-0.062081	-0.0693189	0.1078	1.90386	0.560037	2.07902
529	0.000976562	0.0458164	-0.0392482	0.221618	-1.13784	-0.206106	-2.36099
530	0.000976562	0.24533	-0.194704	0.0278548	-1.45741	0.303866	1.35908
531	0.000976562	-0.0560058	-0.0055156	0.0722065	-0.23558	0.789335	1.76052
532	0.000976562	-0.0164233	0.176679	0.167362	0.541069	-1.96966	-1.03035
533	0.000976562	-0.093723	0.0505413	0.0950722	0.629399	-0.562079	-2.17627
534	0.000976562	0.047385	0.0897143	-0.158006	0.341008	-1.26036	1.74078
535	0.000976562	-0.0627092	0.219275	-0.0818534	2.05176	1.21155	0.327995
536	0.000976562	-0.0748803	0.00135377	-0.0795065	0.724499	0.550403	1.20183
537	0.000976562	0.131024	-0.114522	-0.1543	-2.59958	-0.341766	0.248557
538	0.000976562	0.0897393	0.214015	0.339153	-0.3133	-1.80509	-0.957203
539	0.000976562	-0.0676858	0.0152751	0.11289	0.281705	0.267162	-2.05193
540	0.000976562	-0.0321652	-0.184859	-0.113177	1.76616	-0.0909871	-0.56741
541	0.000976562	-0.00139816	-0.0706112	-0.0888793	-1.59885	0.790504	1.23655
542	0.000976562	0.0574607	0.240207	-0.306789	-0.0332243	-1.07811	1.61432
543	0.000976562	-0.181807	-0.237341	-0.269272	1.04071	0.201905	0.131036
544	0.000976562	0.0170741	0.0954799	0.208605	-0.30882	0.633409	-1.33297
545	0.000976562	0.0379186	-0.0507148	-0.0941663	-0.549312	0.603899	2.7174
546	0.000976562	-0.0338023	0.0337758	0.114312	0.130315	-0.572923	-2.48817
547	0.000976562	-0.0176107	-0.183488	-0.00560852	1.52502	0.841907	-0.261436
548	0.000976562	-0.0593051	-0.10539	0.0630476	0.594947	1.20746	0.348103
549	0.000976562	-0.0140647	0.00942608	0.238132	-1.36453	0.619266	-1.81376
550	0.000976562	-0.0206702	0.054567	-0.0635613	0.154392	-0.812184	-1.68423
551	0.000976562	-0.139931	0.189781	-0.172128	0.733811	0.67833	0.57393
552	0.000976562	-0.0944108	-0.152387	0.0276921	1.39738	-1.44477	-1.28179
553	0.000976562	0.478364	0.307808	-0.0577495	-0.851927	-1.28312	0.123488
554	0.000976562	-0.123245	0.00284094	-0.0167388	-1.08128	0.986058	1.20892
555	0.000976562	-0.0218747	-0.144202	-0.14303	-2.19554	1.32206	0.148154
556	0.000976562	-0.216988	0.114433	-0.0994105	1.64902	-0.0834369	0.965733
557	0.000976562	0.188423	0.209904	-0.415062	-0.837163	-1.06509	0.959365
558	0.000976562	-0.137938	0.292877	-0.498727	-0.0824592	-0.751555	1.35227
559	0.000976562	-0.0197748	-0.303637	0.239643	0.934822	0.366846	0.241381
560	0.000976562	-0.193344	-0.163256	-0.0232543	1.41657	-1.62038	0.00297148
561	0.000976562	-0.0824888	0.0307958	0.179239	0.803099	-2.3151	-0.35775
562	0.000976562	-0.206095	0.0235069	-0.254826	0.447241	1.00849	-0.519408
563	0.000976562	-0.0613804	0.069907	-0.0199644	1.16213	-0.418577	1.2449
564	0.000976562	0.048149	-0.0329904	-0.107524	2.50046	0.468513	-0.465777
565	0.000976562	0.0259578	-0.160016	-0.0534585	1.01525	0.877136	0.779863
566	0.000976562	0.040516	-0.0622413	-0.0400963	-2.3767	1.05005	0.0236635
567	0.000976562	0.0485513	-0.0828185	-0.297656	0.779378	0.675579	0.432634
568	0.000976562	-0.0489478	0.0193062	0.0559489	0.576802	-1.55089	0.542143
569	0.000976562	0.00103705	-0.00461806	-0.214346	-1.45167	0.47961	1.54941
570	0.000976562	0.358097	0.270204	0.193123	-1.13842	-1.17033	-0.564523
571	0.000976562	-0.066136	0.0415088	-0.243736	0.146561	-1.15857	1.8876
572	0.000976562	-0.129678	-0.0061242	0.111882	0.934424	-2.21909	-1.18347
573	0.000976562	-0.0516863	0.0723967	-0.0940669	1.01827	-0.463661	-0.5275
574	0.000976562	-0.0683029	0.00319685	0.176359	1.86893	0.876438	0.0627214
575	0.000976562	0.117327	-0.0258813	-0.176407	-0.75898	0.246604	1.01626
576	0.000976562	-0.146764	-0.000352215	-0.00675544	-0.920715	0.608336	0.704722
577	0.000976562	0.130552	0.200478	0.326216	-0.415407	-1.76551	-0.737015
578	0.000976562	-0.101153	-0.03942	-0.0488962	0.255914	-0.886287	-2.10148
579	0.000976562	-0.0947363	0.0502628	0.0262041	1.08258	-0.0953565	1.33324
580	0.000976562	0.134201	-0.0610683	0.268917	-1.20025	-0.11499	-0.943787
581	0.000976562	-0.143563	0.452162	-0.498464	0.330833	-1.07792	0.889379
582	0.000976562	-0.0907361	0.0305193	0.0538297	0.846192	-2.40134	-0.172983
583	0.000976562	0.0401266	-0.0829382	-0.00474315	-1.11406	0.882157	2.37349
584	0.000976562	-0.103909	-0.176602	0.00514726	1.38161	-0.821318	0.00631193
585	0.000976562	0.186914	0.0682976	-0.0362134	-2.03359	0.868871	0.0790863
586	0.000976562	0.101934	-0.0720536	-0.0309761	0.987526	1.23807	0.212005
587	0.000976562	0.115639	0.0529076	0.18771	-1.96447	-0.286668	-1.14476
588	0.000976562	-0.200531	-0.0918867	-0.362552	0.958664	0.805023	0.0680156
589	0.000976562	-0.0522749	-0.0666792	-0.173061	1.11743	0.286895	1.41887
590	0.000976562	-0.23755	0.215173	0.293638	1.1344	-0.9444	-1.24416
591	0.000976562	0.0782742	-0.140958	0.0932984	-1.75321	-0.0712668	0.488754
592	0.000976562	0.0338032	0.0187331	0.133912	0.0670217	-1.08049	-1.75636
593	0.000976562	-0.108333	0.00826602	0.12728	0.490355	-2.27657	-0.16534
594	0.000976562	-0.0527824	-0.00324147	0.135886	1.37637	-1.97723	-0.293959
595	0.000976562	0.0949073	-0.132959	0.121252	-0.767617	0.255131	0.768152
596	0.000976562	0.129957	0.225358	0.0429144	-0.993514	-1.54527	0.962614
597	0.000976562	0.172678	0.0220235	-0.140308	-0.772347	0.192012	0.878535
598	0.000976562	0.157944	-0.103554	0.0627511	-1.37225	0.216109	0.552227
599	0.000976562	-0.0345738	0.0456352	0.0222202	-1.3012	0.551453	1.03117
600	0.000976562	-0.0106116	-0.0276825	-0.130541	1.42635	0.708001	0.359618
601	0.000976562	0.00230459	0.0886885	-0.0352324	-2.05117	-0.26605	0.730636
602	0.000976562	0.0760591	0.0171093	-0.0404015	1.38816	-0.120144	-0.982671
603	0.000976562	0.0322376	0.0621349	0.172448	0.35598	-1.88726	-1.54456
604	0.000976562	0.0178841	-0.0850515	0.174368	-0.188398	1.89657	-1.2995
605	0.000976562	0.233634	-0.165594	-0.206301	-1.83135	0.683012	-0.198068
606	0.000976562	0.0809125	-0.114398	0.100748	-1.03286	0.600139	0.154183
607	0.000976562	-0.0691867	-0.134271	-0.0986067	1.27849	1.71185	0.842084
608	0.000976562	0.0316218	0.0474831	0.215605	1.37511	1.42159	0.923438
609	0.000976562	0.138726	-0.00905163	-0.140441	-1.13841	-0.039717	1.01482
610	0.000976562	0.0938708	-0.0193174	0.323423	-1.26541	-0.156231	-1.20291
611	0.000976562	-0.0931525	0.0666891	-0.316681	0.386953	-0.872405	1.89157
612	0.000976562	-0.245971	-0.0125913	0.0598481	1.10225	0.257547	0.591026
613	0.000976562	0.0500522	-0.00401765	-0.129866	-1.06536	0.777239	2.33337
614	0.000976562	0.0720016	-0.00642098	0.16755	1.23294	0.0502306	-0.680817
615	0.000976562	-0.112179	-0.108078	0.208873	0.929361	-1.83836	0.222598
616	0.000976562	-0.0145438	-0.0347836	0.0951815	-0.989502	1.32545	1.13568
617	0.000976562	0.0363205	-0.0714315	0.216525	-1.43766	0.345677	-1.3799
618	0.000976562	-0.174707	0.188047	-0.133294	0.913968	0.0632756	0.557311
619	0.000976562	0.173639	0.155659	-0.278003	-0.257515	-1.68476	0.953617
620	0.000976562	-0.0064628	0.0618066	0.0841457	0.69606	-2.03865	0.219787
621	0.000976562	-0.181973	0.0996216	-0.0893719	1.04443	-0.108174	1.02783
622	0.000976562	-0.0174804	0.00496654	0.22742	-1.45684	-0.138119	-1.45821
623	0.000976562	0.126959	-0.220062	-0.0460309	2.14437	-0.0564218	0.458244
624	0.000976562	-0.0563099	-0.0707845	-0.0378726	1.42753	-1.18488	-0.835732
625	0.000976562	0.0641459	-0.140272	-0.194154	-0.753929	-0.33123	0.37323
626	0.000976562	0.0629915	-0.093117	-0.080298	-0.872152	-0.699605	-0.410087
627	0.000976562	-0.0234616	0.0732598	-0.214625	-0.448443	-0.1821	1.46091
628	0.000976562	-0.117527	0.0686334	0.148092	1.80584	0.783848	1.42011
629	0.000976562	0.262467	-0.0229395	-0.00932929	0.917915	0.541685	0.427464
630	0.000976562	-0.0291372	0.0116782	-0.0340136	0.479458	0.857308	-0.759875
631	0.000976562	-0.02273	-0.0281226	-0.0128794	-0.389749	1.04505	2.67371
632	0.000976562	0.0635006	-0.0241775	-0.200726	2.17112	1.07392	0.0798466
633	0.000976562	0.284013	-0.236313	-0.020409	0.965203	1.09459	0.446505
634	0.000976562	-0.0537402	-0.134786	0.028977	-1.28798	-0.24605	1.36987
635	0.000976562	0.0058541	0.0135151	-0.00671287	0.547949	-1.55902	-0.649938
636	0.000976562	0.123196	0.0461873	-0.0843196	-2.25179	0.376315	0.0612196
637	0.000976562	-0.242704	0.208114	-0.193684	0.994167	1.83494	0.79275
638	0.000976562	0.0533723	-0.1822	-0.0669857	1.11006	1.76227	0.375616
639	0.000976562	-0.0248448	-0.187615	-0.191427	-1.48895	1.72087	0.0675142
640	0.000976562	-0.0407571	-0.0757621	-0.0456607	1.30038	2.00611	0.756941
641	0.000976562	-0.00778722	-0.19585	-0.162735	-1.87273	1.85893	-0.0737373
642	0.000976562	0.103468	0.0410834	0.0427826	-1.90105	-0.44686	-1.39179
643	0.000976562	0.0377344	0.00078783	0.195488	-0.950145	-0.0465716	-2.22771
644	0.000976562	0.0364843	0.113219	0.0448786	-1.48236	0.0374454	1.43376
645	0.000976562	-0.0422384	-0.122856	-0.0953032	-0.9959	2.1431	0.0300335
646	0.000976562	0.0807484	-0.142383	-0.0349047	-0.527237	-0.629546	1.20277
647	0.000976562	-0.120191	0.258277	-0.115224	0.689605	0.796436	0.608378
648	0.000976562	-0.133015	0.0990026	0.243316	-0.111167	-2.04617	-1.31669
649	0.000976562	0.107218	-0.14674	-0.0281309	-0.925482	1.93435	1.44019
650	0.000976562	-0.079811	0.232844	-0.0600942	1.44164	1.18229	1.08996
651	0.000976562	-0.167614	0.0540685	0.242312	1.33869	0.951331	1.39433
652	0.000976562	-0.0785665	-0.133973	-0.0894147	-0.556588	2.45643	-0.436806
653	0.000976562	0.0387823	-0.0511246	-0.0478678	-0.497801	2.09074	-0.234898
654	0.000976562	-0.0673938	-0.144028	0.0106485	0.769494	-0.328355	-0.256077
655	0.000976562	0.0587269	0.00756167	0.0984375	-0.516928	1.33272	0.542451
656	0.000976562	-0.0563976	0.130946	0.0995873	0.565535	-0.710077	-1.47593
657	0.000976562	-0.162995	-0.00991021	-0.413522	-0.0847754	-0.719788	1.7136
658	0.000976562	0.151354	0.00869894	-0.13871	-1.45797	-1.32071	1.65418
659	0.000976562	-0.204491	0.0902625	0.252984	1.4283	-0.803729	-1.57826
660	0.000976562	-0.113999	-0.109177	-0.185706	1.1137	0.850665	1.41166
661	0.000976562	-0.0235364	0.0777224	0.145028	1.15537	-2.17923	0.152016
662	0.000976562	0.0539869	-0.027828	0.00330473	-1.20664	-0.203707	-0.950037
663	0.000976562	-0.0963574	-0.10595	0.0154558	1.36912	-2.25179	-0.742566
664	0.000976562	-0.00242874	0.149682	-0.183418	-0.816015	0.345088	1.96422
665	0.000976562	-0.00936373	-0.196932	-0.0498854	1.05337	1.12158	0.113307
666	0.000976562	-0.030153	0.164325	0.194049	-0.23004	-0.128618	-1.51755
667	0.000976562	0.0740604	0.170942	0.021908	1.07897	-0.425797	-1.26642
668	0.000976562	-0.143425	0.10994	0.00905957	0.613343	1.42728	-1.16457
669	0.000976562	-0.0863832	-0.180818	0.210105	1.15224	0.459352	1.55855
670	0.000976562	0.0609104	-0.142539	-0.0720993	-1.70126	0.0641591	0.671533
671	0.000976562	-0.0431642	0.0212927	0.162462	0.237114	-0.84021	-1.69296
672	0.000976562	-0.144933	-0.0074638	0.154798	1.43901	-1.15069	-0.397065
673	0.000976562	0.076299	-0.261022	0.0700016	1.15492	0.724037	0.127068
674	0.000976562	0.0608199	-0.122958	-0.0171859	1.64653	-0.529686	0.408313
675	0.000976562	0.0694952	-0.017918	-0.0987853	-2.01771	1.6014	-0.0543832
676	0.000976562	0.00587056	-0.16058	-0.0516484	-0.894553	0.681163	0.7049
677	0.000976562	0.0116454	-0.103197	0.0444825	-0.111513	-0.0579183	1.80119
678	0.000976562	-0.077296	-0.20142	0.120519	1.49488	-0.335263	1.1463
679	0.000976562	0.0910456	-0.0166726	0.0111015	-0.276794	1.08677	2.09468
680	0.000976562	-0.216509	0.174912	-0.152201	0.45699	0.286479	0.274905
681	0.000976562	-0.0734182	0.0835017	0.0366723	0.795818	0.0021006	1.64379
682	0.000976562	-0.00408532	0.188113	-0.175599	1.125	0.209917	0.486836
683	0.000976562	0.466705	0.0605259	-0.295956	-0.459108	-1.18302	0.961558
684	0.000976562	0.0516398	0.163521	0.308021	-0.685869	-1.5918	-1.09382
685	0.000976562	0.0529895	-0.108965	-0.00201991	-1.09478	0.621724	1.0417
686	0.000976562	-0.00334096	-0.174993	-0.0339379	-0.456797	0.582228	1.78181
687	0.000976562	0.118192	-0.11787	0.120298	-1.79645	-0.185699	0.762607
688	0.000976562	-0.0498044	-0.0728343	0.0372149	-1.53557	1.34712	0.0471588
689	0.000976562	0.0291588	0.157192	-0.200836	-1.5737	-1.0961	-0.305813
690	0.000976562	0.110056	-0.0565874	-0.130962	-1.71425	0.985388	-0.678477
691	0.000976562	0.114819	0.105542	0.161963	-0.455446	0.654859	-1.52138
692	0.000976562	0.0333072	0.0587838	-0.0924368	-1.69634	-0.793881	0.933347
693	0.000976562	-0.107724	-0.00122742	-0.0563988	0.44745	2.1932	-0.0432091
694	0.000976562	-0.153867	-0.0431408	-0.275863	1.21689	0.762185	0.944223
695	0.000976562	-0.102136	0.101507	0.0150139	0.840675	1.12129	2.37777
696	0.000976562	0.0550751	-0.00722252	-0.111084	-1.18431	1.93777	-0.0592769
697	0.000976562	-0.0380265	-0.0307006	-0.0268929	-2.11622	1.32409	-0.0862641
698	0.000976562	0.185997	0.0792862	0.0715635	-1.91926	-0.830664	-0.295874
699	0.000976562	-0.171354	-0.00877245	0.179771	0.833126	-1.36334	0.675103
700	0.000976562	-0.160659	0.017551	-0.0381694	2.38594	-1.3044	0.793296
701	0.000976562	-0.116452	-0.207441	0.226121	0.966789	0.957316	1.4149
702	0.000976562	0.0801427	-0.0398522	-0.0227636	-2.14189	-1.13073	-0.408252
703	0.000976562	0.0968241	0.462597	0.346181	-0.23305	-1.36543	-0.579788
704	0.000976562	-0.025103	0.0253165	0.1197	-0.673635	-0.407365	-1.71981
705	0.000976562	0.00301877	-0.0674681	-0.102396	-1.49574	0.545143	1.14342
706	0.000976562	-0.200681	-0.163043	0.120573	1.31021	1.00148	0.388146
707	0.000976562	-0.212869	0.098676	-0.276295	0.933314	1.37145	0.00693263
708	0.000976562	0.0166257	0.0865181	-0.224099	2.04017	1.44261	0.124475
709	0.000976562	0.155334	0.165557	0.1903	-0.226702	0.693972	-1.96397
710	0.000976562	-0.0447289	-0.141402	-0.0857694	0.404926	2.68098	-0.401141
711	0.000976562	-0.0416461	0.0245898	0.0481365	2.30932	-0.95846	-1.06862
712	0.000976562	0.046742	-0.120146	-0.0136139	-2.69005	-0.289402	-0.905608
713	0.000976562	0.152874	-0.0307963	-0.109139	-1.12906	-0.402482	0.601131
714	0.000976562	-0.0315872	0.0616825	-0.0126484	1.45103	0.92326	1.00205
715	0.000976562	-0.0973349	0.117213	0.0708806	-0.546893	-0.519851	-1.87041
716	0.000976562	0.220492	0.0652734	-0.0298287	-1.94745	1.11103	-0.311786
717	0.000976562	0.0625377	-0.1374	0.0601361	-1.21294	0.00713941	1.18519
718	0.000976562	-0.345146	-0.148708	0.0198049	0.4919	0.409907	0.673112
719	0.000976562	-0.0728812	-0.100678	-0.168366	-0.0643188	1.11754	2.28768
720	0.000976562	0.0276394	0.137271	0.424973	-0.718348	0.834011	-1.74326
721	0.000976562	0.0178161	0.0227462	0.0354537	-0.353429	0.254006	1.96867
722	0.000976562	0.0376688	-0.0331569	-0.0543466	-1.63897	2.07045	-0.576733
723	0.000976562	-0.101525	0.129403	-0.0214698	0.997465	-1.54852	-1.14734
724	0.000976562	-0.024968	0.0502813	0.00693141	0.481497	-0.559965	-0.862978
725	0.000976562	0.158744	0.229779	-0.354141	-0.73687	-1.1095	0.942289
726	0.000976562	-0.290947	-0.247488	0.15331	0.534786	0.324511	0.981152
727	0.000976562	-0.102391	0.0911834	0.0486519	0.357327	-0.948173	-2.21939
728	0.000976562	-0.21986	0.0279127	0.131172	1.45064	-0.23499	-1.38919
729	0.000976562	-0.0816641	0.0164578	-0.077728	1.17338	-0.837242	-0.605812
730	0.000976562	0.132916	0.102331	0.178556	-1.18376	-1.52031	-0.710182
731	0.000976562	0.0845604	-0.145391	0.0685531	-1.60333	0.401531	0.488674
732	0.000976562	-0.0253277	0.107118	-0.09747	-0.299912	0.949125	0.365518
733	0.000976562	0.0716026	-0.0495576	-0.140044	-1.3608	0.217082	1.41966
734	0.000976562	0.0643542	0.0751378	0.0323075	0.492228	0.644619	0.670725
735	0.000976562	-0.0474144	0.0635156	0.0925462	0.0517417	0.560648	-2.39925
736	0.000976562	0.0306415	-0.00975872	0.168682	0.764886	-1.5599	-0.236927
737	0.000976562	0.0424506	-0.00652995	-0.1231	-2.21255	-1.26225	0.299956
738	0.000976562	-0.164468	0.0857449	0.260555	0.819281	1.16898	0.714623
739	0.000976562	-0.130169	0.0944745	-0.015284	-0.337676	1.42557	-0.113163
740	0.000976562	-0.0604222	-0.061621	0.0746912	0.954186	-1.85526	-0.868768
741	0.000976562	-0.0100747	-0.00830888	-0.0334146	-0.641204	1.57897	-0.416584
742	0.000976562	-0.0386532	-0.055709	0.0849899	-0.357903	-1.25177	-1.25849
743	0.000976562	-0.0482599	-0.0741434	-0.0602509	0.496175	-1.36089	2.07211
744	0.000976562	0.0101968	-0.164465	0.0319299	-0.930033	1.05518	1.11429
745	0.000976562	-0.0540238	-0.143069	-0.0589894	0.692457	1.32404	1.55194
746	0.000976562	0.139526	0.0116185	0.0483857	-0.528955	0.90574	1.28349
747	0.000976562	0.0168381	0.0822504	0.238668	-0.0626174	0.65219	-1.95396
748	0.000976562	-0.0257602	-0.0840092	-0.104722	-1.972	1.59914	0.489008
749	0.000976562	-0.106455	0.170464	-0.20533	0.647126	1.60328	-0.134993
750	0.000976562	0.0510767	-0.287892	-0.0862671	1.11123	0.0195562	1.15559
751	0.000976562	0.0607795	-0.224803	-0.0125212	-1.04813	0.788986	0.722941
752	0.000976562	0.065841	0.0106364	0.0573679	1.45273	-0.557092	-1.24386
753	0.000976562	-0.0144191	-0.0738279	-0.0232737	0.88665	-0.112608	-1.71466
754	0.000976562	0.0112907	-0.130598	0.00386602	-1.22641	1.03504	2.4649
755	0.000976562	0.0332639	0.0557185	0.0191046	1.03242	0.86871	1.56194
756	0.000976562	-0.0111966	-0.0927399	-0.0329028	0.684171	1.79278	0.0427368
757	0.000976562	-0.0633021	-0.182255	-0.0850464	0.423792	2.37935	-0.935429
758	0.000976562	-0.0201198	0.0323659	-0.371205	-0.643777	0.531808	1.79907
759	0.000976562	0.0237186	-0.054451	0.14179	0.258631	-1.06772	-0.100012
760	0.000976562	0.157312	0.220022	-0.325658	-0.318449	-1.20393	1.44236
761	0.000976562	0.0287844	0.0433276	0.362756	-0.742597	0.908219	-1.53421
762	0.000976562	0.0391364	-0.0913187	-0.0275764	-1.82436	0.190215	1.25907
763	0.000976562	-0.115525	-0.0865223	-0.104968	0.557904	-1.00645	-1.91052
764	0.000976562	-0.11283	-0.0902103	-0.0245107	0.0911459	2.22407	-0.408144
765	0.000976562	-0.031572	-0.0419359	0.150561	-0.451552	1.55288	-1.58786
766	0.000976562	0.139477	0.131588	0.106875	-1.71249	-0.779636	-1.28373
767	0.000976562	0.147702	0.0651428	-0.0290743	-0.285537	-1.01724	-1.75603
768	0.000976562	0.239178	0.124185	-0.0857577	-0.764856	-1.67384	0.883127
769	0.000976562	-0.334281	0.143642	-0.214403	0.502521	1.46781	0.199596
770	0.000976562	-0.132207	0.0326429	0.161233	1.3005	-0.212995	-1.87328
771	0.000976562	-0.113274	-0.0374138	-0.0918374	0.13141	2.07667	-0.350733
772	0.000976562	-0.0597301	-0.0406129	0.217569	0.776965	-1.57115	-0.928805
773	0.000976562	0.165829	0.207569	-0.562425	-0.682296	-0.821747	0.69694
774	0.000976562	0.0346204	-0.114322	0.0270665	-0.525803	2.01834	-1.52467
775	0.000976562	0.154485	-0.00297295	-0.0967345	-1.66802	1.787	0.578676
776	0.000976562	0.0869432	-0.130361	-0.12314	-0.966598	-1.01566	0.225905
777	0.000976562	-0.0496599	0.0731071	-0.0438233	-1.35255	-0.282752	1.02225
778	0.000976562	0.0993053	-0.110647	0.0514428	1.00164	1.53686	0.236702
779	0.000976562	-0.262283	0.133126	0.120651	1.40362	0.694087	1.00709
780	0.000976562	-0.043781	-0.118494	-0.0403758	-1.08743	-0.209619	1.96288
781	0.000976562	0.164338	-0.00458419	-0.0915683	-1.82942	0.125468	0.799787
782	0.000976562	0.060752	0.0753807	-0.0303557	-2.0399	-1.56195	0.677798
783	0.000976562	-0.077435	0.149063	0.177125	1.63156	0.49216	0.559375
784	0.000976562	-0.00719175	0.0781687	-0.0668413	0.740314	-1.36288	-0.922766
785	0.000976562	0.0366168	-0.0585093	-0.114966	-2.12089	-0.959232	0.00304897
786	0.000976562	-0.10209	0.110125	-0.238777	0.754455	0.903132	1.2835
787	0.000976562	-0.0193393	0.0508827	0.285838	0.0429399	0.191295	-1.54322
788	0.000976562	0.323795	0.200607	-0.0138483	-1.20182	-1.42057	0.102115
789	0.000976562	-0.0461997	0.080528	0.0829686	-0.319425	0.350112	-2.29496
790	0.000976562	0.0554713	0.0872251	0.105021	-0.577293	0.517279	-1.65011
791	0.000976562	-0.00941263	-0.0105226	-0.374672	1.24635	0.585313	0.627671
792	0.000976562	-0.169012	0.10391	0.169053	1.27419	0.632401	1.64024
793	0.000976562	0.0522672	-0.0299486	-0.0443748	1.44901	-0.260565	-1.6088
794	0.000976562	0.236235	-0.0131649	0.0708013	-1.97337	-0.516199	-0.199705
795	0.000976562	-0.0352078	0.045012	-0.254314	0.0467965	-0.872669	2.11575
796	0.000976562	0.049919	0.0900446	-0.0923957	-0.213554	-0.94402	-1.61708
797	0.000976562	-0.0166819	0.273199	-0.258732	0.29021	-1.05383	1.49921
798	0.000976562	-0.131305	0.0306245	-0.0828349	1.22458	-0.977942	2.08442
799	0.000976562	0.0584848	0.121093	-0.0990876	0.997026	-0.0799106	-0.563953
800	0.000976562	-0.0845965	-0.0730854	-0.110283	1.059	0.766858	0.935446
801	0.000976562	0.0137453	-0.0337132	-0.0195959	-0.128846	1.13229	2.15385
802	0.000976562	-0.105808	0.0296843	0.012511	1.24662	-1.46956	-1.73323
803	0.000976562	0.0743815	-0.05583	0.0466584	-0.625897	1.86597	-1.74502
804	0.000976562	-0.149456	-0.201973	0.131345	0.676447	-0.102912	0.897142
805	0.000976562	0.0462775	0.00967543	0.123571	-0.82286	0.0900554	-1.69306
806	0.000976562	-0.24065	0.329068	-0.356001	0.771977	-1.08565	0.953844
807	0.000976562	0.0227962	-0.0763469	-0.125173	-0.685842	2.54687	-0.531953
808	0.000976562	0.0840887	0.122177	0.155304	-0.0753625	0.0646812	-2.23051
809	0.000976562	0.0929462	0.101131	-0.148831	-1.06256	1.57253	0.483695
810	0.000976562	0.0158966	-0.0902842	-0.140054	0.354716	-0.363606	2.53031
811	0.000976562	-0.0738568	0.0528089	-0.0443794	0.194408	-1.18378	-1.64955
812	0.000976562	-0.123719	-0.0202419	0.214227	0.40579	-0.781747	-2.26775
813	0.000976562	-0.0596407	0.00381559	-0.155794	2.4643	0.788352	-0.460356
814	0.000976562	0.00717156	-0.0741116	-0.112905	-1.07858	-0.220309	1.60388
815	0.000976562	0.0219468	-0.0103677	-0.141126	-2.5855	0.22195	0.519141
816	0.000976562	-0.0601449	-0.0976474	-0.0884417	-0.439879	1.43823	2.36557
817	0.000976562	0.0776308	0.410218	0.271667	-0.432163	-1.2183	-0.924219
818	0.000976562	0.0330754	-0.0437504	-0.0607568	-1.81907	1.5601	-0.625669
819	0.000976562	-0.0651333	-0.0732931	-0.187083	-0.188833	1.33215	0.333724
820	0.000976562	-0.0313148	-0.221879	-0.0894474	2.18193	0.220945	0.452545
821	0.000976562	0.171641	0.170348	0.127632	-1.33582	-1.40255	-0.653905
822	0.000976562	-0.0770471	0.463376	0.265849	-0.184988	-1.4196	-0.712308
823	0.000976562	-0.0202368	0.024109	0.0100783	-1.64935	0.499285	0.0564593
824	0.000976562	0.0808139	-0.0226578	0.00997444	-0.998414	-0.826251	-0.793611
825	0.000976562	-0.165896	0.0453883	-0.148396	0.896073	0.152681	1.48195
826	0.000976562	-0.0719283	-0.248997	-0.0389187	1.55391	-0.804383	-0.112469
827	0.000976562	0.0479018	0.265252	-0.0136452	0.487397	-0.795955	-0.90616
828	0.000976562	0.104277	-0.204081	0.338939	-0.622021	1.13465	-1.477
829	0.000976562	-0.00871459	-0.110384	-0.0390191	2.09731	1.11559	-1.63088
830	0.000976562	-0.00633998	0.0864533	-0.0448699	1.95782	-0.0187449	1.11295
831	0.000976562	-0.0455535	-0.0160285	-0.0681251	2.66459	0.85054	-0.766231
832	0.000976562	-0.0475882	-0.0741427	-0.119748	-1.63352	1.3064	0.515501
833	0.000976562	-0.026785	0.197908	-0.243705	1.17388	0.311473	0.696292
834	0.000976562	-0.0405815	-0.0497064	-0.17248	1.06706	0.0908681	1.51832
835	0.000976562	-0.0720021	0.0146092	0.217599	1.10032	0.637518	-2.21755
836	0.000976562	0.130689	0.0333215	-0.252422	-0.101038	-0.910374	2.05467
837	0.000976562	-0.339968	-0.210639	-0.318777	0.650312	0.297287	-0.0120517
838	0.000976562	0.122771	0.16721	-0.12578	-1.18517	-1.5805	1.12817
839	0.000976562	0.00453968	-0.261695	0.0956029	0.0941724	2.17988	-0.808453
840	0.000976562	-0.0416058	-0.0609934	-0.0223566	-0.243099	2.23968	0.269172
841	0.000976562	0.0489581	-0.126832	-0.150694	-0.564038	-0.00739583	0.291467
842	0.000976562	-0.000704441	0.0190097	0.177079	0.72832	0.607349	-0.388403
843	0.000976562	0.28173	0.0822852	0.315778	-1.35944	-0.094826	-0.848134
844	0.000976562	0.105577	0.0597889	-0.00892111	-2.1731	-1.06654	-0.449429
845	0.000976562	-0.062245	0.0204501	0.00581871	1.03089	-1.42888	1.99027
846	0.000976562	0.190182	0.1619	0.209259	-1.49152	-0.152273	-0.993641
847	0.000976562	0.0105397	-0.0217548	0.236641	-0.609308	1.35185	-2.09491
848	0.000976562	0.0527705	-0.0268639	-0.218724	1.52497	-0.0860107	-0.0951652
849	0.000976562	-0.0754536	0.0773879	0.0241857	1.60358	-0.234069	1.35465
850	0.000976562	-0.0725561	-0.415937	0.120116	1.28559	0.0488445	0.3952
851	0.000976562	0.0313476	-0.106871	0.068899	-0.116896	-0.155023	-2.17455
852	0.000976562	0.118335	0.00417771	0.32495	-0.965437	0.945245	-1.8722
853	0.000976562	-0.261564	0.15886	0.054414	1.13223	1.0677	0.43202
854	0.000976562	-0.061736	0.114677	0.0894524	-0.22504	-0.611189	-2.05818
855	0.000976562	0.0318652	-0.0762748	0.0352288	-0.364717	2.08201	1.41254
856	0.000976562	-0.0124093	-0.128174	-0.0816316	-1.24087	0.728938	0.99092
857	0.000976562	-0.0359316	-0.0182095	0.0655054	1.1277	0.627367	0.518683
858	0.000976562	-0.058395	0.210503	0.165396	-0.33191	-1.6181	-0.893622
859	0.000976562	0.0157778	-0.259964	0.0330265	0.959326	0.189561	1.20215
860	0.000976562	-0.0172313	-0.156781	0.199266	1.1659	0.323394	1.21736
861	0.000976562	0.0859343	0.017954	0.0401851	-0.867826	0.120585	1.01727
862	0.000976562	0.0988486	-0.137863	-0.0056679	-1.9337	0.0982219	1.05427
863	0.000976562	0.181073	0.0635503	0.0981577	0.0598779	0.232659	-2.0801
864	0.000976562	0.0171618	0.107802	0.245486	-0.599459	0.161355	-1.36106
865	0.000976562	0.0424923	0.106864	0.276069	-1.55471	-0.179939	-1.48244
866	0.000976562	-0.167795	-0.064031	0.09142	1.63429	1.47328	-1.29511
867	0.000976562	-0.0384729	0.0456524	0.11728	0.39011	0.231847	-0.165908
868	0.000976562	-0.171108	0.374513	-0.0132892	0.425292	-1.77144	0.441429
869	0.000976562	-0.114303	0.136543	-0.0491861	0.218839	0.646077	-0.12585
870	0.000976562	-0.106184	0.0280296	0.135566	1.13118	0.477764	-0.203592
871	0.000976562	0.135682	-0.225463	-0.1534	-2.14987	-0.239358	-0.161061
872	0.000976562	-0.046183	0.00229118	0.0304302	1.14463	0.695138	1.77075
873	0.000976562	0.0418827	-0.0307984	-0.176955	-0.493423	-0.225948	1.85602
874	0.000976562	0.045656	-0.0494906	-0.012864	-2.74805	-1.20152	-0.319685
875	0.000976562	-0.143235	-0.111873	-0.0210633	0.838382	-1.41098	-0.238668
876	0.000976562	0.169271	-0.123538	-0.106554	-2.02343	-0.846955	-0.402984
877	0.000976562	-0.139525	0.270207	-0.0709172	1.26486	1.48675	1.06199
878	0.000976562	0.11211	0.0360652	-0.136325	-1.48586	2.1753	0.129631
879	0.000976562	0.0152029	-0.189137	0.153637	-0.322917	1.6871	-1.53097
880	0.000976562	-0.195332	0.0356364	0.208406	1.10316	-1.54751	0.391693
881	0.000976562	0.322884	-0.109199	-0.107217	-1.60758	-0.850559	-0.310337
882	0.000976562	0.0174361	-0.0815584	-0.0642747	-1.72271	-0.830789	0.213698
883	0.000976562	-0.126694	-0.271765	-0.00548956	0.79366	-0.760703	-0.415801
884	0.000976562	-0.0586282	-0.179727	0.127569	1.46594	-0.200121	1.13611
885	0.000976562	-0.0652677	0.0116663	-0.0569493	1.19763	-0.0285032	1.69891
886	0.000976562	0.0463611	-0.00627728	-0.115764	-0.996442	0.861981	2.56406
887	0.000976562	-0.189015	-0.104951	0.180981	1.18769	-1.23947	0.262044
888	0.000976562	0.167729	0.0338705	0.420335	-0.082252	0.803006	-1.77631
889	0.000976562	0.00513138	0.0784427	0.213111	-0.713392	-0.678027	-2.0902
890	0.000976562	-0.065039	-0.0257028	0.0048464	0.771092	-2.21141	-1.10258
891	0.000976562	0.139703	0.040814	0.253808	-1.40063	-0.228114	-0.875777
892	0.000976562	0.0964579	-0.0899895	-0.0360479	-1.26407	0.173326	1.68801
893	0.000976562	0.159749	-0.281348	-0.166196	-1.79911	1.03267	-0.234679
894	0.000976562	0.0250012	-0.121371	0.00532908	-0.202941	-1.46776	-0.0634374
895	0.000976562	0.0505706	-0.080922	0.183543	-1.48162	-0.181971	-2.31058
896	0.000976562	0.0673679	-0.109041	-0.103973	-1.79881	-0.190403	0.939697
897	0.000976562	-0.200904	0.131154	-0.229574	0.221519	1.5838	0.465015
898	0.000976562	0.0773534	-0.201002	-0.0271245	1.58561	-0.492595	0.638683
899	0.000976562	0.0998112	-0.250511	-0.0139679	-1.04348	0.744282	0.958196
900	0.000976562	-0.206997	0.263234	-0.0424451	1.27018	1.0839	0.815094
901	0.000976562	-0.00905625	-0.0221468	-0.0495921	0.452301	1.24306	0.172167
902	0.000976562	0.0118801	0.145685	-0.100798	0.989161	-0.573618	-1.30712
903	0.000976562	-0.0143223	0.00917168	-0.142636	0.0143351	-1.63611	1.51254
904	0.000976562	-0.148991	-0.204959	0.190206	0.337248	0.618802	0.979133
905	0.000976562	0.0609293	-0.058882	-0.0722851	-0.222693	-0.52425	-1.61647
906	0.000976562	0.13199	-0.120242	0.00383979	-1.8823	-0.0422567	0.296627
907	0.000976562	-0.0259599	0.0533932	-0.297486	-0.0679502	-1.11857	1.49773
908	0.000976562	-0.172687	-0.248598	0.0616178	1.20869	-0.120063	0.935222
909	0.000976562	-0.0969753	0.0292093	0.0663656	2.08049	-0.32133	0.991028
910	0.000976562	0.038316	-0.112217	0.05005	0.439523	-2.12069	-0.191698
911	0.000976562	0.0391734	-0.00312189	-0.104363	-1.04261	0.32029	1.46833
912	0.000976562	-0.0547799	0.0548958	0.076752	1.43993	-1.30666	-1.77079
913	0.000976562	0.0596974	-0.0903365	0.0322992	1.45751	1.44302	1.34513
914	0.000976562	-0.0730642	-0.0132701	0.220793	-1.21106	0.822899	-1.69469
915	0.000976562	-0.109426	-0.0295905	-0.116377	0.864651	-1.13711	-1.44771
916	0.000976562	-0.0535396	0.328834	-0.208362	1.26896	1.02575	0.34426
917	0.000976562	0.0539919	-0.092261	0.17257	-0.252593	-0.445936	-1.88824
918	0.000976562	0.0839772	-0.105607	0.348784	-0.107942	1.39883	-1.41326
919	0.000976562	-0.214489	0.15025	0.0995724	0.916755	1.15159	1.24961
920	0.000976562	-0.157529	0.00444163	-0.129425	1.30545	-1.10509	-0.76597
921	0.000976562	0.20951	-0.00237573	-0.139473	-0.815524	-1.47184	1.29545
922	0.000976562	0.143392	-0.132703	0.113995	-0.959923	0.386644	0.262783
923	0.000976562	-0.276961	-0.00184841	-0.319005	0.959351	0.694018	0.452676
924	0.000976562	-0.0369621	0.0165965	-0.0154629	0.520143	-0.908951	-1.98041
925	0.000976562	0.160834	-0.0781755	0.12409	-1.5996	-0.36594	-1.60806
926	0.000976562	-0.0388414	0.110652	-0.0411508	0.301376	-0.541159	-1.3663
927	0.000976562	-0.127882	-0.00969377	-0.100642	2.11822	1.68873	-0.72662
928	0.000976562	0.283175	0.492628	-0.072554	-0.827164	-1.11573	0.0960441
929	0.000976562	0.0448492	0.121486	0.0030848	-1.39527	-0.123679	1.22165
930	0.000976562	-0.0180658	-0.0892989	0.0486287	2.64702	-0.848729	0.525305
931	0.000976562	0.133178	0.182457	0.268425	-1.35006	-0.0121364	-1.03988
932	0.000976562	-0.0113874	0.128331	0.144516	-0.498089	-1.5439	-1.53588
933	0.000976562	0.0950242	-0.053372	-0.0503518	-2.60974	0.388817	0.869065
934	0.000976562	0.33089	0.325608	0.292793	-1.1073	-1.03214	-0.657049
935	0.000976562	-0.0626246	-0.0842041	-0.0965656	2.08597	1.17804	1.25801
936	0.000976562	-0.0181389	0.130302	-0.0968432	1.13978	-0.915828	-1.05346
937	0.000976562	0.0713234	-0.215898	0.00034627	0.944476	-0.370982	1.24253
938	0.000976562	-0.0164168	0.0789564	-0.0308226	2.18969	0.152567	-1.55099
939	0.000976562	0.19907	0.312307	0.0570648	-0.583278	-1.58436	-0.0350174
940	0.000976562	0.0467113	0.0314857	0.014196	0.201253	0.587857	0.504109
941	0.000976562	-0.0341096	-0.0671002	0.107839	-0.702109	-0.124993	-2.02882
942	0.000976562	0.160297	0.0528625	0.0577702	-2.17912	-0.926281	-0.362785
943	0.000976562	0.000475325	-0.0795236	0.0358292	-1.65416	0.400671	0.584709
944	0.000976562	0.0201612	0.0650045	-0.0326116	1.06574	1.00725	0.808862
945	0.000976562	-0.212889	-0.0191038	0.17094	0.956143	-1.31164	0.406733
946	0.000976562	-0.165135	0.0844885	0.20692	0.90359	1.12393	0.476422
947	0.000976562	-0.200634	0.0885935	0.141857	0.864713	-0.486597	-1.43813
948	0.000976562	-0.0704862	-0.00827678	-0.276662	1.27479	0.616423	0.86933
949	0.000976562	0.120719	0.0603604	0.258356	0.12185	1.26448	-1.83054
950	0.000976562	-0.0732805	0.278923	0.288901	-0.386531	-1.19509	-0.94602
951	0.000976562	-0.0804186	-0.0611549	0.239585	1.17991	-1.03314	-0.919638
952	0.000976562	0.0421646	0.114224	0.309259	-0.459935	-1.85414	-1.01879
953	0.000976562	0.0245878	0.0965088	0.218462	-1.26218	-0.750456	-1.8172
954	0.000976562	-0.190823	0.271452	-0.0627439	1.048	0.916845	0.663282
955	0.000976562	0.00870315	-0.283463	0.186171	1.23692	0.504662	0.108217
956	0.000976562	0.091042	-0.0652896	-0.0329804	1.15994	-1.33258	-0.762697
957	0.000976562	0.0467812	-0.0796115	-0.0297929	-2.64489	-0.886464	0.101363
958	0.000976562	-0.0582364	0.0535979	0.0814447	0.405263	-2.23528	-1.72758
959	0.000976562	0.0226159	-0.100249	0.137606	-0.0596892	1.88711	1.02483
960	0.000976562	0.176485	-0.0139222	0.065128	-2.1356	-0.236619	-0.335703
961	0.000976562	-0.0253928	-0.0732112	-0.0438178	0.111836	-2.01661	0.701872
962	0.000976562	0.0032548	0.107152	-0.0400499	0.698155	-0.599913	-0.461002
963	0.000976562	0.0286949	0.10918	0.25276	-1.05281	0.412239	-1.76418
964	0.000976562	-0.0362482	0.0173793	0.00863594	-0.117224	0.601864	2.10547
965	0.000976562	0.0237462	-0.0603198	-0.00749368	-1.93431	1.30994	-0.199972
966	0.000976562	0.0900354	0.0521104	0.25197	0.285233	-0.389199	-1.39915
967	0.000976562	0.104335	-0.103425	-0.114423	-1.30362	-0.260391	-0.163866
968	0.000976562	0.0907316	-0.0673588	-0.130231	-1.08275	-0.491449	-0.084876
969	0.000976562	-0.066054	-0.159809	-0.0317711	-1.60582	-0.368579	0.579018
970	0.000976562	0.0451262	-0.00155254	-0.000772342	1.83988	-1.55485	-0.770744
971	0.000976562	-0.109647	0.110872	0.134571	0.699704	-1.41104	-2.05653
972	0.000976562	0.0410271	-0.0839429	0.0589279	-1.80997	1.34164	-0.733813
973	0.000976562	-0.0023286	0.139388	-0.282823	-0.249685	-1.06536	1.69205
974	0.000976562	-0.0279655	-0.0986697	-0.0639213	1.51662	0.38574	1.61852
975	0.000976562	-0.294276	0.0109276	0.2159	0.8555	-1.43005	-0.185271
976	0.000976562	0.0704966	0.0472231	-0.218861	-2.05642	1.19723	0.447938
977	0.000976562	-0.0736655	-0.0325855	-0.108342	-0.0448753	-0.927454	-0.777002
978	0.000976562	0.0557775	-0.164318	-0.0507105	1.00459	0.695588	0.336354
979	0.000976562	-0.0965881	0.00564309	-0.0598969	1.16825	-0.289696	-1.94363
980	0.000976562	-0.00432209	-0.0222705	0.141915	-0.319304	-0.0329667	-2.2675
981	0.000976562	0.0286323	0.0755018	-0.0871525	1.21288	-0.951158	-0.890807
982	0.000976562	-0.099918	-0.100925	-0.158245	2.40604	1.33001	-0.223429
983	0.000976562	0.22067	-0.0132325	0.309815	-1.58775	-0.258053	-0.930856
984	0.000976562	0.0179227	-0.158821	-0.118111	-1.38882	0.0759558	1.20283
985	0.000976562	0.143514	-0.054663	-0.0877555	1.09368	0.876895	0.848813
986	0.000976562	-0.158873	-0.315648	0.138098	0.66217	1.48992	-1.09185
987	0.000976562	0.0933091	-0.158445	0.0279207	-1.75675	0.285059	0.22176
988	0.000976562	-0.0787223	-0.0822314	0.0553618	1.23471	-1.08244	0.0595193
989	0.000976562	-0.253442	-0.0951683	0.00419054	0.278641	0.861591	1.17103
990	0.000976562	0.284631	-0.0598306	-0.0734088	-1.54519	0.665165	0.725987
991	0.000976562	-0.0288438	-0.0851793	0.0646245	-0.845938	1.63393	1.52094
992	0.000976562	0.0255491	-0.041119	-0.0344423	1.27739	1.19057	0.686586
993	0.000976562	-0.0922777	0.125526	-0.155896	0.368113	1.83267	0.160711
994	0.000976562	0.00815249	-0.0743491	-0.0480036	-1.3506	-1.39185	1.57452
995	0.000976562	0.0725923	0.121482	-0.203576	-1.11651	-1.25956	1.01824
996	0.000976562	0.0841383	0.0305923	-0.431557	1.08279	0.988947	-0.105924
997	0.000976562	0.0760558	-0.0703747	0.205275	-1.53781	-0.666868	-1.61017
998	0.000976562	0.0751973	0.0198613	-0.0224153	1.1289	-0.351024	-1.18146
999	0.000976562	0.288395	0.514015	-0.0883256	-0.919671	-1.27636	0.205861
1000	0.000976562	0.0521228	0.0329471	0.210271	-1.46322	-0.658572	-1.7927
1001	0.000976562	-0.00383336	-0.0337171	0.140251	0.0242723	-1.00523	-2.28099
1002	0.000976562	0.028306	-0.122594	0.0275364	-0.77324	0.903562	0.941265
1003	0.000976562	0.0131182	-0.0838837	-0.0881033	1.69126	0.305325	0.325265
1004	0.000976562	-0.117339	0.113462	0.248868	-0.879865	-0.74655	-1.87825
1005	0.000976562	-0.139428	-0.231868	-0.352365	1.09082	0.373451	0.200932
1006	0.000976562	-0.131691	0.23749	0.0883778	-0.0267327	0.404149	-0.0511987
1007	0.000976562	0.0430464	-0.125063	0.136866	-1.67199	-0.0797587	-1.8794
1008	0.000976562	-0.118943	0.232683	0.107537	1.21747	-0.0625002	1.04017
1009	0.000976562	-0.0442923	-0.156255	0.0923455	0.7832	-1.11408	-0.388352
1010	0.000976562	-0.319651	-0.350692	0.140759	0.702192	0.178159	0.777798
1011	0.000976562	0.0614135	-0.12094	-0.118176	-0.6056	1.55307	2.15187
1012	0.000976562	0.0475943	0.018083	-0.116505	-1.06957	-0.0649039	0.673802
1013	0.000976562	-0.0271147	0.0345248	0.185687	0.87833	-1.52984	-0.886755
1014	0.000976562	0.0243297	-0.157451	-0.131719	-0.732148	0.611295	2.02404
1015	0.000976562	0.0421849	0.162072	0.133019	0.0953831	-0.230829	-1.5623
1016	0.000976562	0.0295754	-0.0885912	0.140893	-0.456687	-0.853709	-1.98837
1017	0.000976562	-0.170675	0.13366	-0.0239403	0.174644	0.593055	1.11435
1018	0.000976562	0.0278218	-0.203163	-0.0198063	2.33906	-0.442778	0.421332
1019	0.000976562	0.0534173	0.38063	0.138312	-0.347419	-1.65386	-0.730027
1020	0.000976562	-0.238123	0.050789	-0.298153	0.305597	-0.979418	1.64667
1021	0.000976562	0.0901357	-0.24169	-0.0513027	1.42284	0.00883247	0.50969
1022	0.000976562	-0.0223497	-0.074232	-0.0280386	1.57264	1.60233	0.0567378
1023	0.000976562	-0.202583	0.0569979	-0.131618	-0.0430298	1.84598	0.0610654
