7.000000e+00
1024
0	0.000976562	0.7912	-0.0442124	-0.379206	0.364032	0.0162021	0.0342324
1	0.000976562	0.342146	0.0241293	0.405204	-0.331179	0.294216	0.0919513
2	0.000976562	0.426953	0.0824939	-0.986489	-0.015149	0.389209	-0.783686
3	0.000976562	-0.0933436	-0.194384	-0.373948	0.609417	0.0872905	0.075367
4	0.000976562	-1.19884	-0.691369	-1.0122	-0.964713	-0.592379	-1.11249
5	0.000976562	0.295254	0.235108	-0.216617	0.0560566	0.260617	0.467046
6	0.000976562	0.475704	-0.102393	0.249492	-0.0606655	0.361577	0.799617
7	0.000976562	0.19124	0.262676	0.123026	0.427171	0.413379	-0.305703
8	0.000976562	0.241766	-0.204203	-0.112202	-0.353679	0.257179	-0.629062
9	0.000976562	1.16855	-0.522425	-0.299959	0.740573	-0.634504	-0.0659121
10	0.000976562	0.0265028	0.623896	0.155873	-0.257043	-0.349921	-0.0753772
11	0.000976562	0.0942828	-0.0945835	0.322767	0.0801131	0.516888	-0.501786
12	0.000976562	0.309424	-0.69064	-0.0480392	0.380227	-0.519303	-0.0426
13	0.000976562	0.203819	1.10355	0.653934	0.124696	0.552688	0.674504
14	0.000976562	0.0681608	0.00561552	0.103261	-0.0417131	-0.521999	-0.21646
15	0.000976562	0.447251	0.559612	-0.12757	-0.178118	0.201607	-0.772694
16	0.000976562	0.216254	0.0985753	-0.322547	-0.130148	-0.28747	-0.19366
17	0.000976562	0.0857582	0.481712	0.369289	0.792941	0.141638	-0.0378955
18	0.000976562	0.0987287	-0.80704	1.61779	0.247368	-0.681585	1.72449
19	0.000976562	-0.0366075	-0.364114	-1.45969	-0.078139	-0.0518066	-1.1327
20	0.000976562	0.468866	0.132723	0.42224	-0.183103	0.125616	0.146865
21	0.000976562	-0.177489	0.86773	-0.155121	-0.685072	0.562616	-0.317564
22	0.000976562	-0.262758	-0.511769	-0.114272	-0.324249	-0.00260389	0.181997
23	0.000976562	0.711539	-0.151243	-0.00393594	0.137197	0.0926214	0.246914
24	0.000976562	0.113164	-0.338561	-0.382089	0.519862	-0.140806	0.175406
25	0.000976562	-0.832379	-0.705075	-0.721996	-0.754411	-0.777227	-0.395501
26	0.000976562	-1.31124	-0.507071	-1.32296	-1.10199	-0.526255	-1.51109
27	0.000976562	-0.127552	0.60856	0.0150898	-0.781382	0.393492	-0.26889
28	0.000976562	0.34194	-0.243752	-0.0484176	-0.0136869	-0.133086	-0.269967
29	0.000976562	0.0137054	0.280805	0.104185	0.668182	0.515565	-0.674001
30	0.000976562	-0.0259859	0.663343	0.122021	-0.298271	0.0378489	-0.172037
31	0.000976562	0.287768	-0.161085	0.02843	-0.612941	0.306738	0.493827
32	0.000976562	0.0975582	0.0901272	0.105318	-0.39039	0.942313	0.0579955
33	0.000976562	0.012474	0.28752	0.118556	0.62448	0.298693	0.559272
34	0.000976562	-0.256047	0.990194	-0.0746995	-0.281852	0.58291	0.199598
35	0.000976562	0.395193	0.0447031	-0.0380158	-0.228614	-0.345086	-0.709346
36	0.000976562	-0.0328096	0.224765	0.162936	-0.355551	0.526642	-0.29902
37	0.000976562	-0.0398104	0.163847	0.230787	0.664392	0.106453	0.121959
38	0.000976562	1.38717	-0.782016	0.540205	1.63793	-0.722908	0.47295
39	0.000976562	-0.248146	0.069987	0.200823	0.52909	0.0560944	-0.00136732
40	0.000976562	0.788875	-0.217023	0.675771	0.651343	-0.732157	0.641033
41	0.000976562	0.410876	0.529163	0.318035	-0.621326	0.436457	0.0470932
42	0.000976562	0.893102	0.220181	0.248653	0.528752	-0.16594	-0.48971
43	0.000976562	-0.429165	0.151565	-0.0741209	0.179948	-0.0801446	0.532586
44	0.000976562	0.0877226	0.0954143	0.144304	0.467281	1.03922	0.185123
45	0.000976562	-1.43709	0.285707	1.17438	-1.29891	0.440457	1.13049
46	0.000976562	0.356172	-0.210249	0.101885	0.0754324	0.242909	-0.0805866
47	0.000976562	0.984079	0.146606	-0.728428	0.821995	0.535118	-0.688825
48	0.000976562	-0.278097	0.0947984	-0.178173	0.549702	0.297589	-0.16749
49	0.000976562	0.00591629	-0.0331116	1.0192	-0.295908	-0.290651	0.937145
50	0.000976562	-0.378678	-0.645353	1.27918	-0.261533	-0.394308	1.11079
51	0.000976562	0.0631612	0.22602	0.202805	0.125943	0.993328	0.178466
52	0.000976562	0.160737	0.265156	0.0139258	0.641346	0.0611174	-0.355758
53	0.000976562	0.749632	-1.29168	-0.698586	1.0279	-1.23496	-0.719165
54	0.000976562	0.106013	-0.094474	-0.417795	-0.103796	0.124927	-0.206828
55	0.000976562	-0.0907803	0.0556636	0.0589673	0.616213	-0.173052	0.0981937
56	0.000976562	0.412333	1.17335	0.158734	0.213272	1.10165	0.219384
57	0.000976562	0.153907	0.332324	-0.878781	0.117833	0.405454	-0.350772
58	0.000976562	-0.0418484	0.1873	0.216705	-1.01095	-0.0364994	-0.513779
59	0.000976562	-0.221504	0.729157	-0.00330319	0.368564	0.318839	-0.0518326
60	0.000976562	0.0582833	0.377679	0.278496	-0.181495	-0.0110958	0.487939
61	0.000976562	0.87768	-0.680317	-0.605709	0.702869	-0.682827	-0.213042
62	0.000976562	-0.976137	-0.196634	0.690443	-0.668022	0.233037	0.444384
63	0.000976562	0.183436	0.173317	0.096312	0.200885	-0.567346	0.128086
64	0.000976562	0.00970006	0.334038	0.256745	-0.503788	0.360277	-0.304793
65	0.000976562	0.563449	0.424621	0.00725556	-0.158229	1.01117	0.169515
66	0.000976562	-0.254142	0.324129	0.222372	0.218618	0.444805	0.426817
67	0.000976562	0.453274	-0.257334	-0.333416	-0.390786	-0.261791	-0.543855
68	0.000976562	-0.333456	0.539514	0.0905175	-0.52705	0.309097	-0.470587
69	0.000976562	-0.149403	-0.124752	0.733188	-0.617244	-0.27574	0.473937
70	0.000976562	-0.0314995	0.175999	0.203086	-0.0365473	0.170069	-0.313891
71	0.000976562	-0.487955	0.604445	0.102355	-0.418245	0.0359791	0.257447
72	0.000976562	0.22191	0.305621	0.130464	0.341455	-0.0691007	-0.0254316
73	0.000976562	0.0390554	-0.460772	0.502407	-0.0642009	0.236589	0.519717
74	0.000976562	0.221381	0.000495341	0.291179	0.327406	-0.289783	-0.180939
75	0.000976562	0.221859	0.510121	0.401115	-0.0811796	0.322947	-0.500733
76	0.000976562	0.12978	1.11383	0.333453	-0.247842	0.991738	0.252875
77	0.000976562	0.185624	-0.0173281	0.273997	0.600131	0.0636619	-0.28012
78	0.000976562	0.558889	-0.516927	0.0320724	0.0627646	-0.544438	-0.461516
79	0.000976562	0.55682	-0.228017	0.477073	0.114647	-0.533334	0.0601933
80	0.000976562	0.231689	0.39148	0.833135	0.539141	-0.183192	0.522554
81	0.000976562	0.0856397	0.104361	-0.0723453	-0.408432	0.334971	-0.101675
82	0.000976562	-0.0866917	-0.00252276	0.238074	0.317318	0.0808415	-0.0112492
83	0.000976562	0.145158	-0.167288	-0.0907794	0.0781702	0.621961	0.380239
84	0.000976562	-0.147805	0.140986	0.270651	0.405392	0.718587	-0.172893
85	0.000976562	-1.15977	0.106221	-1.54739	-1.14725	0.044288	-1.716
86	0.000976562	-0.0880641	-0.120843	0.3929	-0.325182	0.324856	0.254573
87	0.000976562	0.162667	0.134305	-0.120385	0.542269	0.58943	0.524168
88	0.000976562	0.332195	0.376811	0.404658	-0.37831	0.451029	0.0180452
89	0.000976562	0.0210344	-0.0253109	0.0718539	0.711376	0.485507	0.00648677
90	0.000976562	0.130927	-0.127037	0.659597	-0.422863	-0.379043	0.643398
91	0.000976562	-0.0925243	0.820641	0.485444	0.440114	0.505488	0.641674
92	0.000976562	0.0617352	0.136703	0.172638	0.547931	0.606728	0.664833
93	0.000976562	0.450026	-0.399579	0.419151	0.309903	0.00345283	-0.064578
94	0.000976562	0.914596	-0.828789	-1.41107	1.04217	-0.642745	-1.42357
95	0.000976562	0.521119	0.308594	0.0573537	-0.430264	0.628961	0.168427
96	0.000976562	-0.115567	0.357814	0.320255	0.274657	-0.754689	0.200455
97	0.000976562	0.358582	0.274609	0.137557	0.225351	0.556148	-0.00265204
98	0.000976562	0.0237004	-0.526409	-0.425388	0.268995	-0.0665551	-0.0512455
99	0.000976562	0.359244	0.226886	0.587283	-0.485719	0.0253347	0.224416
100	0.000976562	-0.124819	0.681198	-0.135068	-0.378215	0.182669	-0.41303
101	0.000976562	-0.0361879	0.148704	0.163056	0.303312	-0.174878	0.640198
102	0.000976562	-0.134509	-0.225685	-0.0612618	0.485582	0.166354	0.0197064
103	0.000976562	0.152802	0.165598	0.367729	0.0364995	0.567729	0.513728
104	0.000976562	-0.96409	-0.337743	-1.76406	-0.934225	-0.326987	-1.93959
105	0.000976562	0.120187	0.0350845	-0.179535	0.631262	0.016	0.282011
106	0.000976562	-0.0667823	-0.03882	0.0698461	0.171396	0.110023	0.841136
107	0.000976562	-0.354866	0.157825	0.10311	0.56282	0.255858	-0.323303
108	0.000976562	-0.432468	0.309277	-0.216032	-0.321284	-0.0111903	0.178242
109	0.000976562	0.086946	0.0201398	0.0750911	0.731253	0.0747027	0.797524
110	0.000976562	0.202209	0.312263	-0.0562941	0.0524502	-0.304579	-0.185236
111	0.000976562	-0.250341	0.758683	0.36562	0.458733	0.547019	0.430609
112	0.000976562	0.0423742	0.0205868	-0.0237988	-0.129148	-0.457639	0.557359
113	0.000976562	0.0874074	-0.274647	0.128827	-0.163789	0.76667	0.0618489
114	0.000976562	-0.054344	0.055129	0.213892	-0.0196824	0.3572	-0.111529
115	0.000976562	0.328768	-0.00871649	0.0259169	0.515949	0.588407	0.0205569
116	0.000976562	0.392362	0.266665	-0.545387	-0.210246	0.266219	-0.280239
117	0.000976562	-0.767404	-0.233702	0.58828	-0.718418	-0.0533876	0.296278
118	0.000976562	-0.239713	-0.7662	-1.26002	0.127848	-0.870346	-1.00285
119	0.000976562	-0.152534	-0.364272	-0.0666491	0.279424	-0.0917236	0.0921078
120	0.000976562	-0.147674	0.174675	0.102039	0.229077	-0.0105015	0.501962
121	0.000976562	-1.55042	0.239075	0.370365	-1.34664	0.0329272	0.470143
122	0.000976562	0.282401	0.289185	0.304847	-0.541144	0.64213	0.191334
123	0.000976562	-0.330476	-0.538943	-0.890227	-0.246102	-0.747334	-0.517567
124	0.000976562	0.297134	0.689815	0.207837	-0.303708	0.586713	0.569069
125	0.000976562	-0.0806097	-0.256581	-0.210762	0.457602	0.301183	0.321115
126	0.000976562	0.206448	0.0179282	0.266779	0.511709	0.278169	-0.214401
127	0.000976562	-0.234195	0.50301	-0.0428389	0.103376	0.223767	0.681759
128	0.000976562	0.690454	-0.423319	0.622069	0.579737	-0.589508	0.470883
129	0.000976562	0.0348149	1.18379	0.249417	-0.183777	1.00952	0.291
130	0.000976562	-0.982216	1.03465	0.240697	-0.603242	0.844376	0.230063
131	0.000976562	-0.290442	-0.0556103	0.297803	0.417323	-0.214257	0.170749
132	0.000976562	-0.0997736	-0.0898645	0.296008	-0.16506	0.42288	0.103201
133	0.000976562	-0.280927	-0.177658	0.395595	0.509711	0.0594133	0.299165
134	0.000976562	-0.140694	0.166454	0.453789	0.20275	0.47727	0.167988
135	0.000976562	-0.556777	-0.0395084	0.911546	-0.122363	0.289918	0.946331
136	0.000976562	-0.0434183	0.157801	0.163723	1.00873	0.735271	-0.108193
137	0.000976562	-0.143494	-0.477005	-1.61424	0.0612663	-0.17284	-1.54245
138	0.000976562	-0.764377	-0.381428	0.818223	-0.239496	-0.415646	0.866364
139	0.000976562	-0.076251	0.401156	0.273645	-0.310191	-0.0496315	0.374511
140	0.000976562	0.358956	-0.339895	0.33796	-0.152432	-0.0396818	-0.135759
141	0.000976562	-0.0191061	-0.221683	-0.251282	0.497401	0.197503	0.368218
142	0.000976562	-0.604363	-0.974739	1.4666	-0.572856	-0.908456	1.78933
143	0.000976562	0.357764	-1.37283	-0.83677	0.597806	-1.41838	-1.02527
144	0.000976562	-0.0855397	0.248011	0.299325	-0.0299206	0.322272	-0.154941
145	0.000976562	0.183067	0.1267	0.34809	-0.698061	0.159733	-0.205221
146	0.000976562	0.172174	-0.469609	-0.433955	0.124823	-0.23111	0.230136
147	0.000976562	0.224531	0.2294	-0.106364	-0.260708	-0.0384415	-0.0809184
148	0.000976562	0.337459	-0.000173198	0.0090299	0.0901886	0.386743	0.0924715
149	0.000976562	-0.119348	0.191484	0.203832	1.09742	-0.0163755	-0.215439
150	0.000976562	-0.466481	0.370769	0.771328	0.090869	0.0747946	0.447242
151	0.000976562	0.476454	0.0860319	0.164758	-0.222004	0.467966	0.484629
152	0.000976562	-0.0750044	-1.2287	-1.03305	-0.0406979	-1.33242	-1.46466
153	0.000976562	0.0743538	-0.508363	0.0420424	0.408009	-0.0126766	0.197666
154	0.000976562	-0.343172	0.666834	-0.0152464	-0.693702	0.378975	-0.283111
155	0.000976562	0.139858	0.171097	-0.222723	-0.208165	0.265166	0.604437
156	0.000976562	-1.06241	-0.271124	1.13344	-0.896076	-0.0137658	0.958089
157	0.000976562	0.28156	-0.372029	0.0769913	-0.389349	-0.270801	-0.482829
158	0.000976562	0.789561	0.360194	1.42259	0.597554	0.435709	1.12638
159	0.000976562	0.347314	-0.480405	-0.227938	-0.278766	-0.409383	-0.406871
160	0.000976562	0.685126	-0.605131	1.38229	0.690917	-0.448607	1.18538
161	0.000976562	-0.312058	1.01328	-0.0927806	-0.285722	0.465658	-0.100986
162	0.000976562	0.108501	0.3452	0.276289	0.0494624	0.657711	-0.206236
163	0.000976562	-1.04636	0.902591	0.377715	-0.595409	1.02766	0.445899
164	0.000976562	0.0560882	-0.985467	1.62363	0.0388305	-0.887201	1.55618
165	0.000976562	0.0187581	-0.547642	0.0225429	0.16819	-0.165397	-0.229191
166	0.000976562	-0.338705	0.287936	0.1583	-0.635034	-0.0717146	-0.409876
167	0.000976562	-0.0556754	-0.259138	-1.12726	0.0498189	-0.171578	-0.855272
168	0.000976562	-0.284521	-0.397606	-1.1324	-0.124195	-0.188674	-0.848241
169	0.000976562	-0.266977	0.497271	-0.0673439	-0.0873387	-0.190537	0.261455
170	0.000976562	0.284647	-0.0650795	-0.13005	-0.44443	0.444458	0.192005
171	0.000976562	1.50644	-0.542913	0.527775	1.37389	-0.338559	0.400716
172	0.000976562	-0.0320873	0.524555	0.0444927	-0.368676	0.28031	0.0130934
173	0.000976562	0.727054	0.164902	-0.673619	0.234166	0.384816	-0.747083
174	0.000976562	-0.791453	0.316304	0.405689	-0.233238	-0.0603526	0.212458
175	0.000976562	0.17804	0.488971	0.159471	0.278597	0.11655	-0.514454
176	0.000976562	-0.992987	-0.0896174	1.3406	-1.01117	0.132643	1.05382
177	0.000976562	-0.841172	1.21823	0.666359	-0.710448	1.00617	0.435723
178	0.000976562	0.167419	0.190665	0.164959	-0.190657	-0.515094	-0.0880193
179	0.000976562	-0.78993	0.293063	0.204212	-0.678128	0.0100807	-0.0368662
180	0.000976562	-0.379709	0.465411	0.105285	-0.490409	0.06257	0.360695
181	0.000976562	-0.0734933	1.01479	0.253237	-0.317657	0.768182	0.127691
182	0.000976562	-1.38693	-0.54283	-0.868482	-1.18531	-0.558003	-0.863622
183	0.000976562	0.213037	-0.862853	-0.98188	0.336122	-0.929084	-0.774773
184	0.000976562	-0.738295	0.512302	-0.252713	-0.526114	0.2327	-0.0955825
185	0.000976562	0.270477	-0.275626	0.0442426	0.293617	-0.140962	0.488477
186	0.000976562	0.0881053	0.0470908	-0.0810566	-0.347138	0.706662	0.16404
187	0.000976562	1.24019	-0.256301	0.358664	0.741949	-0.384325	0.59657
188	0.000976562	-0.208779	0.20098	0.391364	0.225497	0.527146	0.398923
189	0.000976562	0.263796	-0.417278	0.106801	-0.206459	0.142899	-0.0600712
190	0.000976562	-0.280626	1.4211	1.35453	-0.190301	1.43668	1.26484
191	0.000976562	0.29392	-0.534466	-0.898741	0.0149691	-0.0330626	-0.668011
192	0.000976562	0.101669	0.0697842	0.111633	0.641301	-0.0602152	0.816287
193	0.000976562	0.0651723	0.154889	0.245995	-0.0949527	0.69399	0.505621
194	0.000976562	0.331455	0.493713	0.034416	0.325589	-0.219441	-0.0699906
195	0.000976562	-0.158376	0.184452	-0.154252	0.68457	-0.0354616	-0.417925
196	0.000976562	-0.0792292	-0.096361	0.257156	0.840392	0.262171	0.307025
197	0.000976562	0.169941	0.0934843	-0.037255	-0.114842	-0.719643	0.480689
198	0.000976562	0.0068577	0.334783	0.309755	0.914344	0.137523	0.0580331
199	0.000976562	-1.03609	-0.557856	-0.860685	-0.755857	-0.605383	-0.744738
200	0.000976562	0.455431	-0.442893	0.297351	0.304513	-0.404316	0.0698928
201	0.000976562	0.336333	0.2821	-0.263081	-0.0440707	0.312435	0.417836
202	0.000976562	0.139483	0.286015	-0.0657663	0.226423	-0.640713	0.485938
203	0.000976562	-0.229126	-0.259355	-0.482627	0.403325	-0.000602372	-0.117112
204	0.000976562	-1.49697	-0.236518	0.982362	-1.32994	-0.057891	0.911581
205	0.000976562	-1.96135	-0.340465	0.0141774	-1.93128	-0.25872	0.0673352
206	0.000976562	-0.0471499	0.415899	0.142609	-0.491777	0.0382726	0.147052
207	0.000976562	0.193015	0.0016487	0.0851425	0.0202223	0.159626	-0.28891
208	0.000976562	0.311908	0.105217	-0.253343	-0.292085	0.861748	-0.0241856
209	0.000976562	-0.0524589	0.136073	0.0328527	0.417021	-0.285977	0.0211626
210	0.000976562	0.101068	0.27704	0.495896	-0.333902	0.3966	0.0528446
211	0.000976562	-1.13731	0.0410549	0.906583	-1.0322	0.29239	0.591366
212	0.000976562	0.419837	-0.434798	-0.0918328	-0.000836001	0.272342	0.051933
213	0.000976562	-0.216146	0.140509	0.121914	0.375538	0.169019	-0.448699
214	0.000976562	0.501425	-0.84438	-1.12302	0.530855	-0.612315	-0.859847
215	0.000976562	-0.00793051	0.187792	0.255893	0.138154	0.495224	0.125483
216	0.000976562	-0.0145705	0.756687	0.504767	0.522356	0.548427	0.336245
217	0.000976562	-0.111066	0.0313507	-0.108177	0.467692	0.511877	0.147102
218	0.000976562	0.341736	0.0874504	1.17187	0.0278833	-0.0849755	1.04946
219	0.000976562	-0.436986	0.0401631	-0.657696	0.0512498	-0.212503	-0.446992
220	0.000976562	0.480099	-0.276422	0.263695	-0.197319	0.156796	-0.0249731
221	0.000976562	-0.150135	0.143536	0.0910581	0.2461	-0.0303177	0.321369
222	0.000976562	-0.0639727	-0.177746	-0.211328	-0.127101	0.225207	0.589089
223	0.000976562	0.189916	-0.600239	-0.624318	-0.0324372	-0.412715	-0.37052
224	0.000976562	0.0863709	-1.17039	0.360323	0.207643	-1.71843	0.458076
225	0.000976562	0.283258	1.12929	0.150572	0.0541458	0.72405	0.175132
226	0.000976562	1.01986	0.168175	-0.196441	0.58745	0.518953	-0.32246
227	0.000976562	0.876589	0.0906931	0.430522	0.4101	-0.576024	0.769121
228	0.000976562	0.223857	0.611225	0.579462	0.17826	0.217519	-0.174118
229	0.000976562	-0.0255561	0.74756	0.49868	0.624861	0.517975	0.0989436
230	0.000976562	-1.1513	-1.2598	0.29531	-1.30482	-1.36774	0.338357
231	0.000976562	0.161753	0.409313	0.349371	0.472314	0.0443721	-0.087737
232	0.000976562	-1.01138	-0.901119	1.38543	-0.912282	-0.828049	1.40492
233	0.000976562	0.485772	-1.45082	-1.06468	0.329936	-1.33726	-1.0414
234	0.000976562	0.0106456	0.103642	0.160764	1.09794	-0.113761	0.609857
235	0.000976562	-0.541169	0.266382	-1.19739	-0.342518	-0.0637186	-0.9761
236	0.000976562	-0.0891501	0.103561	0.323283	0.241878	-0.0512227	0.00775856
237	0.000976562	0.130649	-0.490368	-0.480967	0.231842	-0.146328	0.106223
238	0.000976562	-0.0221619	-0.0211164	1.23489	0.0200094	0.284709	0.82544
239	0.000976562	-0.74701	-0.279149	-1.52228	-0.728711	0.0168425	-1.64729
240	0.000976562	-0.0347104	0.222418	0.274395	-0.243335	0.699836	-0.399497
241	0.000976562	0.0279096	-0.0848179	0.441026	-0.439137	0.528341	0.236688
242	0.000976562	-0.806796	0.13817	-1.62825	-0.557539	0.129492	-1.5515
243	0.000976562	-0.473235	-0.228628	-1.42667	-0.283355	-0.3835	-1.06334
244	0.000976562	-0.212083	-0.0579915	0.211597	0.339375	0.593813	0.472726
245	0.000976562	0.331362	-0.209128	-0.22413	-0.218647	0.101634	0.513907
246	0.000976562	-0.0512225	-0.330149	-0.592047	0.136765	0.0815374	-0.598295
247	0.000976562	0.0551659	0.336031	-0.216594	-0.318561	0.121655	0.56966
248	0.000976562	0.120408	0.583915	0.317981	-0.554865	0.315022	0.195731
249	0.000976562	0.652282	0.514132	-0.33935	0.297766	0.327288	-0.662915
250	0.000976562	0.263894	-0.129787	-0.138824	0.0292969	0.562268	0.40518
251	0.000976562	0.25289	-0.997625	-1.31201	0.390723	-0.69818	-1.22585
252	0.000976562	0.285551	0.492398	-0.0708466	0.171906	-0.0226912	-0.360666
253	0.000976562	-0.641902	-0.222153	1.50353	-0.601183	-0.0518531	1.66659
254	0.000976562	0.25166	0.213788	0.45257	-0.0778166	0.116275	0.577235
255	0.000976562	0.246474	-1.14528	-1.56171	0.352751	-0.986301	-1.73723
256	0.000976562	-0.110589	0.192177	0.242067	0.700558	-0.303833	0.535705
257	0.000976562	-0.12698	-0.0458742	-0.189753	-0.0994346	0.726791	-0.149495
258	0.000976562	1.23536	-0.00472778	-0.312067	1.0082	0.117191	0.0867262
259	0.000976562	-0.534572	-0.996505	1.47606	-0.666178	-0.98736	1.40558
260	0.000976562	-1.39028	-0.0111238	0.979114	-1.23507	0.30169	0.864462
261	0.000976562	-0.0115247	-0.179374	-0.125374	0.452944	0.0548366	0.037935
262	0.000976562	0.555034	0.097896	-0.272245	-0.194092	0.497907	-0.182053
263	0.000976562	0.148671	0.0966821	-0.116075	0.906927	0.326871	0.5299
264	0.000976562	0.372429	0.113334	0.370693	-0.466986	-0.00040362	0.155728
265	0.000976562	0.120627	-0.0166189	-0.131998	-0.10052	0.981722	0.137809
266	0.000976562	0.374746	-0.0843656	-0.0179463	0.412632	0.548441	-0.365284
267	0.000976562	-0.210963	-0.112367	0.471778	0.528086	-0.416178	0.124515
268	0.000976562	0.214903	-0.0127462	-0.137201	0.0358419	0.112875	0.8288
269	0.000976562	0.0338202	0.196051	0.011653	0.277049	0.292298	0.107772
270	0.000976562	0.0862173	0.00538794	0.101333	-0.0593491	0.818773	0.265051
271	0.000976562	0.382221	-0.529251	0.43916	-0.0764481	-0.942046	0.261224
272	0.000976562	-1.29505	-0.024326	0.660367	-1.52761	0.409328	0.690466
273	0.000976562	-0.025455	0.990825	0.192315	-0.380851	0.613713	-0.00456867
274	0.000976562	0.0886421	0.163856	-0.115712	0.66784	0.0180038	0.0213475
275	0.000976562	1.02755	-0.405363	0.247266	0.572339	0.0112325	0.100934
276	0.000976562	-0.129023	0.345403	0.247537	1.09944	0.432024	0.264743
277	0.000976562	-0.100883	0.0955015	-0.0779796	0.744026	0.27612	0.512524
278	0.000976562	0.712541	-0.368439	-0.219679	0.406088	-0.785825	-0.400185
279	0.000976562	-1.53865	0.373828	-0.219487	-1.24535	0.594765	-0.135988
280	0.000976562	-0.0797918	-0.0206604	0.778253	-0.207538	-0.0588385	0.206132
281	0.000976562	-0.0318539	-0.318484	-1.42736	-0.0630866	-0.0106042	-1.27606
282	0.000976562	-0.99636	0.608098	0.503182	-0.532645	0.863886	0.24653
283	0.000976562	0.0999336	-0.354511	0.17305	0.467015	0.197179	-0.157906
284	0.000976562	-0.457317	0.598547	0.523145	0.343534	0.618961	0.393075
285	0.000976562	-1.13356	0.670972	1.13922	-1.2276	0.831835	0.994972
286	0.000976562	-0.335092	1.52127	0.352952	-0.370032	1.19257	0.541749
287	0.000976562	0.320675	-0.27201	0.122106	0.518846	0.214088	0.0242506
288	0.000976562	0.00668093	0.0430026	-0.0496006	0.401937	0.521464	0.0885795
289	0.000976562	-0.610255	-0.578076	-0.72732	-0.206633	-0.611198	-0.493591
290	0.000976562	0.798157	-0.135586	0.519769	0.0142266	-0.34047	0.611576
291	0.000976562	-0.729144	-0.322029	-1.48123	-0.361437	-0.350742	-1.51223
292	0.000976562	-0.0872816	0.442431	-0.396605	-0.396825	0.19115	-0.215487
293	0.000976562	-0.02661	0.00270635	-0.131213	0.238127	0.309961	0.142069
294	0.000976562	-0.173871	-0.412654	-0.68892	-0.392532	-0.282836	-0.512024
295	0.000976562	1.10055	-0.0753517	-0.0913532	0.605623	0.398399	0.0324196
296	0.000976562	0.227314	0.13019	0.727848	-0.0875341	0.076971	0.0165557
297	0.000976562	-0.580063	-0.525557	-1.56337	-0.409148	-0.783947	-1.37587
298	0.000976562	0.228205	0.181995	0.277034	0.386046	-0.477555	-0.472241
299	0.000976562	0.0848319	-0.0966659	0.251771	0.590697	-0.207859	-0.348828
300	0.000976562	0.696158	-0.961666	-1.08919	0.785425	-0.665669	-0.993445
301	0.000976562	0.264591	0.116682	0.243341	-0.442384	-0.145998	-0.216234
302	0.000976562	-0.0565818	-1.18148	-1.07076	0.211913	-1.28531	-1.48454
303	0.000976562	-0.0335071	-0.400074	-0.420784	-0.513272	-0.159527	-0.458402
304	0.000976562	0.00155837	-0.191272	-0.17456	-0.254017	0.059966	0.278313
305	0.000976562	0.0180614	0.162721	0.0277486	0.826527	0.323856	-0.532451
306	0.000976562	-0.674292	-0.439266	0.450636	-0.120883	-0.485843	0.405255
307	0.000976562	-1.04715	-0.48917	-1.17216	-0.997624	-0.343897	-1.41969
308	0.000976562	0.193011	0.0617438	0.230873	0.415021	0.550305	-0.560456
309	0.000976562	0.283566	-0.0855845	-0.470497	0.299335	0.225194	-0.337644
310	0.000976562	-0.94789	-1.36915	1.10564	-0.910585	-1.24578	1.12361
311	0.000976562	-0.79462	0.521099	0.81184	-0.34579	0.645694	0.46394
312	0.000976562	0.180647	-0.0814197	0.798871	-0.0686279	0.0572219	0.197806
313	0.000976562	-1.09793	0.969306	0.0946072	-0.718203	1.01324	0.191467
314	0.000976562	-0.228521	-0.0454491	-1.35308	0.0467485	-0.0826464	-0.994372
315	0.000976562	0.337711	1.00214	-0.178637	-0.141026	0.915379	-0.260425
316	0.000976562	0.405617	-0.397916	0.589019	0.113829	-0.168159	0.377526
317	0.000976562	0.0420983	0.0391646	-0.179344	0.613391	0.746386	0.0898355
318	0.000976562	0.290314	-0.336974	-0.298123	-0.174752	-0.41619	-0.288509
319	0.000976562	-0.0647715	0.130508	-0.442787	-0.330203	0.354901	0.19776
320	0.000976562	0.269989	0.31093	0.294331	-0.419226	0.478627	0.124132
321	0.000976562	-0.450806	0.84833	1.04598	-0.115067	0.610034	1.16365
322	0.000976562	-0.867939	-1.23965	-0.727602	-0.982008	-1.43179	-0.914952
323	0.000976562	0.172413	-1.73144	0.270125	0.280982	-1.83102	0.269457
324	0.000976562	0.35149	-0.453132	0.486063	0.178598	-0.427231	0.557064
325	0.000976562	0.0184773	-0.780305	-1.13906	0.0171755	-0.807559	-0.902607
326	0.000976562	0.667212	-0.135161	0.565452	0.0200496	-0.700603	0.655512
327	0.000976562	0.209684	0.0753486	0.206734	-0.365949	0.513715	0.627002
328	0.000976562	0.213662	0.480602	0.0420502	-0.0818848	0.106433	-0.123857
329	0.000976562	0.250333	-0.250306	-0.549732	0.132263	0.160098	0.031497
330	0.000976562	0.535889	-0.523751	-0.279299	0.286738	-0.182931	0.170013
331	0.000976562	-0.202649	0.364468	0.54325	0.206904	0.26518	-0.309318
332	0.000976562	-0.0382566	0.0866012	-1.18039	0.129828	-0.138765	-0.801133
333	0.000976562	0.0450465	0.307453	0.128055	1.00217	-0.0287503	0.199361
334	0.000976562	0.00149564	0.183255	0.239147	0.588193	0.54715	0.176394
335	0.000976562	0.135886	0.236354	0.0171554	-0.628649	0.698431	0.235071
336	0.000976562	0.378578	-0.411756	1.10639	0.241479	-0.554528	0.808331
337	0.000976562	0.492845	0.134916	0.638006	-0.210879	-0.362369	0.335402
338	0.000976562	0.198846	-0.336145	-0.636184	0.0786388	0.0946057	-0.013872
339	0.000976562	-0.0479465	-0.164905	0.140707	-0.405408	0.381337	0.598811
340	0.000976562	0.187894	-0.583691	0.887018	0.0587894	-0.374335	0.632677
341	0.000976562	0.430538	-0.107742	-0.178517	0.0810572	-0.391221	-0.345981
342	0.000976562	0.24148	-0.166218	-0.0697889	0.289071	0.731853	-0.530987
343	0.000976562	0.104131	0.108409	0.0105036	-0.268363	-0.124291	0.740628
344	0.000976562	-0.111493	0.205813	0.305673	-0.540489	-0.502334	0.183865
345	0.000976562	-0.175276	0.492061	-0.295596	0.507876	0.352853	0.044804
346	0.000976562	0.249778	-0.00748775	-1.16641	0.366703	-0.210922	-0.745932
347	0.000976562	-0.260995	0.566139	0.0560124	-0.0874666	-0.19043	-0.0117009
348	0.000976562	0.0210334	0.491447	0.0843594	-0.794391	0.541211	0.135119
349	0.000976562	-1.09776	-0.116844	-1.10389	-0.959539	-0.324743	-0.92522
350	0.000976562	0.132458	-0.0706651	0.359588	0.305851	-0.0300459	0.130751
351	0.000976562	-0.635292	-0.613773	0.890615	-0.941666	-0.520893	1.34692
352	0.000976562	0.147304	0.556575	0.0744921	0.439023	0.237839	-0.419741
353	0.000976562	0.0451197	0.248187	0.283248	0.593136	0.395313	0.275471
354	0.000976562	0.161777	0.390751	0.297027	0.57757	-0.0282885	-0.568517
355	0.000976562	-0.826456	-0.369865	-1.07592	-0.826911	-0.496649	-0.996304
356	0.000976562	0.202518	-0.136178	-0.13056	-0.046156	0.520032	0.39601
357	0.000976562	-0.180303	-0.520776	1.00723	0.282479	-0.232002	1.02048
358	0.000976562	0.462559	-0.203697	0.521502	-0.344456	-0.136316	0.60713
359	0.000976562	0.261239	0.432453	0.0321756	0.0852135	-0.151723	0.205567
360	0.000976562	-0.0284533	0.352119	0.280319	-0.415888	-0.0407597	0.53126
361	0.000976562	-0.0295203	-0.116678	0.0309925	-0.634788	0.474665	0.223076
362	0.000976562	-0.24976	-0.0423245	0.278894	-0.153303	0.762488	0.045667
363	0.000976562	1.02733	-1.24929	-1.10043	1.05938	-1.28524	-1.30423
364	0.000976562	-0.0973002	0.446948	0.623791	-0.365307	0.263171	0.115409
365	0.000976562	0.0197137	0.535196	-0.201388	0.345612	0.206517	0.162933
366	0.000976562	-0.0801905	0.105711	0.0788354	0.347085	-0.181089	-0.324584
367	0.000976562	-0.310291	0.52633	-0.201734	-0.498967	0.0547882	-0.107825
368	0.000976562	-0.0385908	0.301406	0.221225	-0.0178832	0.793669	0.16175
369	0.000976562	0.280959	0.0173679	0.0880733	-0.434319	0.0254344	-0.242022
370	0.000976562	0.00547248	0.0724562	-0.898457	-0.248667	0.423893	-0.554594
371	0.000976562	0.308136	0.034921	-1.52036	0.487985	0.0405372	-1.22359
372	0.000976562	0.329587	0.316548	0.00668346	-0.0636698	-0.184525	-0.125514
373	0.000976562	0.101367	0.304862	-0.193657	-0.525278	0.139658	0.491337
374	0.000976562	0.0952776	-0.342885	-1.52196	0.0670456	-0.0548042	-1.45185
375	0.000976562	0.0349106	0.25289	0.165821	0.42086	-0.404877	-0.715553
376	0.000976562	0.0561206	0.0207411	0.0332715	-0.0886087	0.114942	0.496441
377	0.000976562	0.199571	0.0408408	0.146964	0.626406	-0.132144	-0.548232
378	0.000976562	-0.097907	-0.167729	0.828583	-0.20808	-0.190822	0.34922
379	0.000976562	0.187865	-0.309386	-0.117736	0.157481	0.470462	-0.288415
380	0.000976562	-0.353392	-0.600441	-0.920706	-0.100249	-0.444432	-0.531432
381	0.000976562	0.898556	0.151383	-0.00318701	0.328915	-0.0986191	-0.415098
382	0.000976562	0.357206	-0.0714592	-0.0356929	0.247533	0.49479	-0.452062
383	0.000976562	-0.127922	0.102744	0.0648126	0.338862	0.176903	0.0183839
384	0.000976562	0.458528	-0.496518	0.670963	0.218047	-0.708074	0.577712
385	0.000976562	0.344826	0.184815	0.322879	-0.0858444	-0.575483	0.526004
386	0.000976562	0.248154	0.279713	0.307538	0.571674	0.0865304	0.420483
387	0.000976562	-0.635554	-0.175003	0.686656	0.0177954	-0.207574	0.750128
388	0.000976562	-0.56992	-0.614351	-0.653804	-0.505284	-0.54441	-0.303829
389	0.000976562	0.112469	-0.339617	-0.423833	0.225655	0.380172	-0.0259382
390	0.000976562	-0.346761	0.49655	0.8637	-0.0492622	0.622116	0.269213
391	0.000976562	-0.531281	0.0973693	-0.400195	0.118601	0.118109	-0.555655
392	0.000976562	0.272254	0.096825	-0.271212	-0.399653	0.744928	0.164004
393	0.000976562	-0.0510471	0.225148	-0.378633	0.459228	0.0655669	0.294927
394	0.000976562	-0.411045	0.17852	0.18734	-0.0260381	-0.403337	-0.0448931
395	0.000976562	0.0830013	-0.343535	-0.723518	-0.256595	-0.644852	-0.37142
396	0.000976562	-0.588373	-0.293052	0.589069	-0.0224589	-0.296673	0.772437
397	0.000976562	-0.0485027	0.772259	0.522455	0.522462	0.538159	0.359249
398	0.000976562	-0.0419271	-0.352053	0.478872	0.354725	-0.149936	0.114787
399	0.000976562	0.127244	0.146121	-0.0221118	-0.407988	-0.253719	0.942222
400	0.000976562	0.0037022	-0.465424	-0.914008	0.281908	-0.422361	-0.533241
401	0.000976562	0.727635	-0.632087	1.7221	0.702256	-0.632218	1.6202
402	0.000976562	-1.4927	-0.253196	0.249723	-1.43926	-0.635332	0.484003
403	0.000976562	0.341429	-0.0947045	-0.376506	0.588523	-0.0238133	0.0945739
404	0.000976562	-0.184054	-1.08116	1.08829	-0.242157	-0.911282	0.932694
405	0.000976562	0.754138	-0.658311	-0.580912	0.583207	-0.327841	-0.205637
406	0.000976562	0.0188478	-0.0951405	-0.136422	0.489075	0.154894	0.67813
407	0.000976562	0.467464	0.212562	0.499961	0.403952	-0.332781	-0.0886273
408	0.000976562	0.144971	0.295481	-0.496595	0.113342	0.38666	0.00929492
409	0.000976562	-1.10679	-0.545874	0.649802	-0.857543	-0.194886	0.549766
410	0.000976562	-1.22125	0.134183	0.923444	-0.927709	0.342772	0.728125
411	0.000976562	0.0252497	-0.707027	-0.00875405	0.288808	-0.585857	0.258954
412	0.000976562	-0.0639428	0.650839	0.310364	0.327115	0.654777	-0.144342
413	0.000976562	-0.06224	-0.659445	-0.987306	0.0293096	-0.563109	-0.629884
414	0.000976562	0.00545393	-0.18594	1.02451	0.327855	0.127938	0.734573
415	0.000976562	-0.034363	-0.38886	-0.420847	-0.470286	-0.220481	-0.421168
416	0.000976562	0.143956	0.384874	0.197796	0.839771	0.231479	0.392681
417	0.000976562	-0.0786924	0.0896112	-0.993913	0.157327	0.0145921	-0.578327
418	0.000976562	0.0855157	0.240336	0.375015	-0.58411	0.330859	0.311094
419	0.000976562	-0.219073	0.0460772	0.09591	0.575903	-0.0738253	0.699886
420	0.000976562	-0.0878337	-0.776812	-1.05407	0.274368	-0.635564	-1.04633
421	0.000976562	0.508092	0.0417847	-0.153857	0.541193	0.466158	0.232605
422	0.000976562	0.0229582	0.0575147	-0.158253	0.145547	0.299884	0.134936
423	0.000976562	-0.359347	0.608661	0.0859788	-0.389666	-0.114947	0.185954
424	0.000976562	0.890934	0.712122	0.610218	0.380526	0.410814	0.668047
425	0.000976562	0.0448186	0.343188	0.387797	-0.547278	0.169092	0.241404
426	0.000976562	-0.0634956	0.153636	0.308557	0.449451	-0.380382	0.0547822
427	0.000976562	0.154187	-0.689166	0.300628	-0.0703446	-0.438932	0.0900026
428	0.000976562	0.328667	-0.304504	-0.308602	-0.257595	-0.361057	-0.266561
429	0.000976562	0.203261	-1.41553	-1.14499	0.34324	-1.22882	-1.21835
430	0.000976562	-0.0750479	0.377439	0.287981	0.444174	0.552628	0.384517
431	0.000976562	0.159885	0.549144	0.0703749	0.421253	-0.303274	-0.240596
432	0.000976562	0.0292807	0.123972	-0.0305017	-0.287684	0.0656301	0.785353
433	0.000976562	0.431755	-0.160933	-0.171635	-0.210638	0.103032	0.574289
434	0.000976562	-0.00424355	0.593697	0.480902	0.435233	0.0496192	0.376864
435	0.000976562	-0.227918	0.829853	0.045894	-0.653614	0.254485	0.155554
436	0.000976562	-0.291252	-0.934344	-1.55595	-0.109039	-0.963278	-1.46551
437	0.000976562	0.357922	-0.283112	0.627212	0.107346	-0.158399	0.0763403
438	0.000976562	0.249607	0.412131	0.0809463	0.154441	-0.0704696	-0.591783
439	0.000976562	0.546465	0.0592381	0.406957	-0.0344221	0.0491793	-0.0059866
440	0.000976562	0.497056	-0.296171	0.461024	0.326966	-0.411686	-0.0490829
441	0.000976562	-0.0379404	0.448591	0.220111	-0.112347	0.143234	0.789821
442	0.000976562	-0.125401	0.126559	-0.416862	-0.0387649	0.166116	0.210896
443	0.000976562	0.433686	0.199423	0.622322	0.469453	-0.37825	-0.0138477
444	0.000976562	-0.407208	-0.128399	0.551709	0.288134	0.060694	0.42042
445	0.000976562	-0.193044	0.175878	0.129669	0.806828	0.119056	-0.50908
446	0.000976562	-0.181234	-0.531087	-1.08439	-0.102701	-0.603146	-0.625658
447	0.000976562	-0.0389401	0.307076	0.321484	0.602121	0.385625	-0.176794
448	0.000976562	-0.0688494	-1.1594	-0.00624473	-0.0348674	-1.79067	-0.120316
449	0.000976562	0.0352971	-0.075867	-0.288582	-0.4214	-0.0885951	0.641332
450	0.000976562	0.583088	-0.0442241	0.234049	-0.0311662	0.360327	0.656198
451	0.000976562	0.208367	-0.141557	-0.186494	0.051483	0.506119	0.38388
452	0.000976562	0.0323859	-0.29857	-0.189679	-0.188254	-0.268882	-0.0778524
453	0.000976562	0.508962	-0.228031	-1.12822	0.113312	0.109652	-0.961171
454	0.000976562	0.207885	0.11046	0.28197	0.560658	0.324742	-0.725202
455	0.000976562	-0.465904	0.151552	0.969575	0.0473422	-0.118617	0.774939
456	0.000976562	-0.108276	1.36028	-1.20034	-0.114688	1.23449	-1.07519
457	0.000976562	0.504053	-0.567552	0.495482	0.252044	-0.263067	0.319506
458	0.000976562	-0.876947	0.113633	1.23843	-0.663027	-0.109613	0.972913
459	0.000976562	-0.125397	-0.913988	0.94064	0.0631665	-0.581549	0.856118
460	0.000976562	-0.0527385	-0.00866734	-1.2732e-05	-0.272187	-0.331056	0.273899
461	0.000976562	-0.232739	0.497168	0.107028	-0.261834	0.068202	-0.244079
462	0.000976562	-0.506868	0.328767	-0.215232	-0.178244	-0.0727246	0.166168
463	0.000976562	-0.403867	1.01841	-0.191647	-0.397195	0.702724	-0.0962968
464	0.000976562	-0.147975	0.123942	0.00302616	0.426567	-0.445455	-0.279898
465	0.000976562	0.458091	0.26689	-0.0148604	-0.504106	0.297791	0.0441358
466	0.000976562	0.535575	0.202534	-0.563736	0.200912	0.763574	-0.471513
467	0.000976562	-0.887616	0.399406	-0.407214	-0.420822	0.41528	-0.32841
468	0.000976562	0.10298	0.208422	-0.73284	0.301774	-0.04162	-0.180935
469	0.000976562	0.0773676	0.115986	0.0547439	0.203546	1.14041	0.14871
470	0.000976562	-0.188519	0.739976	0.0771521	-0.416613	0.0336308	0.229737
471	0.000976562	-0.468439	-0.218495	-0.169351	0.135271	-0.0632814	-0.40608
472	0.000976562	0.0603117	0.0738055	-0.117912	0.656632	-0.0830998	0.0271039
473	0.000976562	0.0747311	0.200068	-0.173206	-0.822334	0.651678	-0.223141
474	0.000976562	0.198808	0.298649	0.130717	-0.505654	-0.405699	0.24926
475	0.000976562	-0.977703	-0.400617	0.805291	-1.3189	-0.058812	0.947188
476	0.000976562	0.0498744	0.0553306	-0.110024	-0.236086	0.968817	-0.416475
477	0.000976562	0.257456	-0.36496	-1.02179	0.102161	0.100079	-1.39282
478	0.000976562	0.153082	0.479225	0.0380491	-0.374737	-0.531046	0.0187032
479	0.000976562	0.0132725	-0.479471	-1.19358	0.459714	-0.395663	-1.00113
480	0.000976562	0.656594	-0.612314	0.540553	0.427035	-0.648789	0.26569
481	0.000976562	-0.0924104	-0.817816	-1.12121	0.104443	-0.936128	-0.738566
482	0.000976562	0.035679	0.249937	0.117219	0.854703	0.248788	-0.405523
483	0.000976562	0.261312	-0.0121911	0.238442	0.170161	0.717692	-0.416334
484	0.000976562	-0.290797	0.588978	0.0340491	-0.443627	0.089314	0.100292
485	0.000976562	-1.39211	-0.256225	-1.27973	-1.38761	-0.477573	-1.35619
486	0.000976562	0.010579	0.325446	0.1604	-0.0897872	-0.816508	0.390014
487	0.000976562	0.122959	0.266127	0.0425999	0.529086	0.0578955	0.374362
488	0.000976562	-0.0637424	0.463563	0.16246	-0.495871	0.117502	0.016374
489	0.000976562	-0.427757	0.0913667	0.339098	0.303387	-0.0729792	0.138746
490	0.000976562	0.0913311	1.3017	-0.0802778	-0.0977917	1.05216	-0.0629667
491	0.000976562	0.067438	0.0217942	0.227545	-0.145323	-0.0515035	0.39997
492	0.000976562	0.072078	0.491248	0.431655	0.44123	0.0259884	-0.149031
493	0.000976562	0.145393	0.521193	0.138956	0.112465	0.215637	0.723719
494	0.000976562	0.242683	-0.250191	-0.514799	-0.303521	-0.604452	-0.292481
495	0.000976562	-1.26331	0.0153254	0.971998	-1.39004	0.377448	0.962001
496	0.000976562	0.12343	0.0583922	0.711141	0.51634	0.526086	0.210095
497	0.000976562	0.550072	-0.342747	-1.35604	0.391159	-0.0460013	-1.28174
498	0.000976562	0.0557267	0.264182	0.0913085	-0.409842	0.0093648	0.807993
499	0.000976562	0.572574	0.454473	0.272688	-0.107102	0.393782	-0.285645
500	0.000976562	-0.383993	-0.935226	-0.905748	-0.288707	-0.782353	-0.663044
501	0.000976562	-0.00337386	0.181502	0.12233	-0.0969568	0.198245	0.724377
502	0.000976562	-0.052832	0.280688	0.308185	-0.232602	0.21201	-0.026365
503	0.000976562	0.0860111	0.0100224	0.298586	-0.301564	0.748543	0.505454
504	0.000976562	-0.0401663	-0.257062	0.467884	0.399486	-0.0400318	0.0341979
505	0.000976562	0.0257869	-0.0451878	0.118167	0.209054	0.130515	0.246751
506	0.000976562	0.218161	-0.563858	-0.899788	0.107918	-0.00629819	-0.702097
507	0.000976562	0.33871	-0.725525	1.62586	0.397626	-0.627955	1.483
508	0.000976562	0.118465	-0.189692	0.368712	-0.413098	-0.673886	-0.100645
509	0.000976562	0.165216	0.0591326	0.182465	0.235835	-0.429274	0.276774
510	0.000976562	0.246502	0.100964	0.0244113	-0.153548	0.190006	0.348849
511	0.000976562	-1.00414	-0.184257	0.698331	-0.613163	-0.191738	0.49817
512	0.000976562	0.0692217	-0.0317524	-0.186752	-0.0233838	0.645938	-0.0933769
513	0.000976562	-0.642827	0.597214	1.17393	-0.30767	0.40502	1.23598
514	0.000976562	-0.0301058	0.26584	0.00298849	1.12536	0.058694	0.178151
515	0.000976562	-0.0546328	0.153169	-0.447959	0.0180507	-0.0815741	0.276309
516	0.000976562	0.0250979	-0.598244	-1.30546	0.23083	-0.716691	-0.97172
517	0.000976562	0.31886	-0.644233	0.383835	0.0556868	-0.674281	0.159044
518	0.000976562	-0.372338	-0.879234	-0.879233	-0.214474	-0.776531	-0.626357
519	0.000976562	0.794175	-0.378333	0.725691	0.588546	-0.480725	0.560285
520	0.000976562	0.104266	-0.0059438	-0.462079	0.0340726	0.290843	0.398208
521	0.000976562	-1.13327	-1.44771	0.0397219	-1.23346	-1.44129	0.0051537
522	0.000976562	-0.631144	-1.0607	-1.03505	-0.56805	-1.28	-1.49525
523	0.000976562	-1.28461	0.607836	-0.315333	-0.956398	0.669529	-0.256243
524	0.000976562	0.909657	-0.60262	-0.924823	0.645508	-0.604897	-0.679027
525	0.000976562	-0.639153	0.898414	-1.75425	-0.578154	0.932257	-1.81426
526	0.000976562	-1.46522	0.0873803	0.710476	-1.49879	0.506129	0.692061
527	0.000976562	-1.05552	0.901238	-0.165726	-0.895819	0.990002	-0.343844
528	0.000976562	0.510184	0.37793	0.0270594	-0.321949	0.00693122	-0.420977
529	0.000976562	-0.0961324	0.147392	-1.04624	0.171118	0.0313485	-0.500407
530	0.000976562	-1.059	0.855694	-0.268615	-0.764966	0.908208	-0.477059
531	0.000976562	0.211105	-0.122666	-0.267349	-0.11972	-0.240632	-0.00466804
532	0.000976562	0.169095	-0.852837	-1.14194	0.132021	-0.395254	-1.00978
533	0.000976562	0.176752	-0.142955	0.000836717	-0.300646	0.512982	0.479832
534	0.000976562	-0.484368	-0.404726	0.808175	-0.38166	-0.0624418	0.414157
535	0.000976562	0.786921	-0.141582	0.389594	0.0251597	-0.60256	0.411724
536	0.000976562	0.050656	0.0572483	-0.113787	-0.34485	0.294781	-0.0887887
537	0.000976562	-0.554515	0.577875	0.876985	0.0463134	0.596849	0.693591
538	0.000976562	-0.293864	-0.677667	-1.70606	-0.269012	-0.347328	-1.82583
539	0.000976562	0.158934	-0.346362	-0.0760398	-0.0875941	0.184834	0.605101
540	0.000976562	-0.262455	0.405922	0.435406	-0.524827	0.114814	0.0645089
541	0.000976562	0.152151	0.169719	-0.0319076	-0.234229	-0.0327272	-0.160173
542	0.000976562	-0.350708	-1.05664	1.58804	-0.411336	-1.01311	1.57172
543	0.000976562	0.538162	0.636811	0.887569	0.235873	0.608729	0.955584
544	0.000976562	-0.117001	-0.729652	-1.28109	0.0264932	-0.67449	-1.17034
545	0.000976562	-0.104518	0.234354	0.0356867	0.724169	-0.103603	-0.665381
546	0.000976562	0.246378	-0.193614	-0.0291428	0.166014	0.378283	0.658687
547	0.000976562	-0.285043	0.377714	0.342966	-0.0231677	-0.353871	0.128117
548	0.000976562	0.0444568	0.0575056	0.248643	-0.0753162	0.0255523	0.344636
549	0.000976562	0.116092	-0.417814	-1.14436	0.19948	-0.608263	-0.697947
550	0.000976562	0.13913	0.214429	0.298917	-0.275279	0.75854	-0.0333018
551	0.000976562	0.528759	-0.617443	0.44531	0.386089	-0.494354	0.22805
552	0.000976562	0.0149012	0.403959	0.129244	-0.686509	0.231048	0.806888
553	0.000976562	-1.21392	-0.834303	0.150068	-1.57784	-0.788238	0.20596
554	0.000976562	0.527182	-0.128534	-0.175045	0.135482	-0.200231	-0.365531
555	0.000976562	0.289841	0.438219	0.556457	0.592095	-0.238057	0.0893917
556	0.000976562	0.867718	-0.632332	0.411691	0.436576	-0.445112	0.229222
557	0.000976562	-0.664138	-0.819005	1.53986	-0.666941	-0.82788	1.82957
558	0.000976562	0.410228	-0.778147	1.41137	0.660588	-0.896258	1.66981
559	0.000976562	0.0310263	0.798138	-0.396666	-0.344993	0.673411	-0.317097
560	0.000976562	0.855921	0.401204	0.0177359	0.237832	0.834126	0.0736209
561	0.000976562	0.479207	-0.0120162	-1.06158	0.200611	0.407996	-0.835292
562	0.000976562	0.469677	-0.0648334	0.709681	0.265369	-0.42251	0.794555
563	0.000976562	0.0585788	0.134222	-0.181404	-0.325596	0.398232	0.169326
564	0.000976562	-0.210905	0.135841	0.292934	-0.656145	0.0390179	-0.149119
565	0.000976562	-0.108031	0.226735	0.153362	0.453418	-0.611375	0.150629
566	0.000976562	0.28926	0.0318367	0.223475	0.198908	-0.189048	0.0766304
567	0.000976562	-0.224342	0.188208	0.991281	-0.349821	0.0851185	0.712783
568	0.000976562	0.152009	0.138103	-0.482343	-0.133309	0.319137	-0.0341548
569	0.000976562	0.212668	-0.0533216	0.841642	0.384453	-0.0237226	0.166266
570	0.000976562	-1.39372	-0.950994	-0.774292	-1.52313	-0.977757	-0.972533
571	0.000976562	0.364122	-0.113632	1.49407	0.323462	0.0660945	1.19887
572	0.000976562	0.649494	0.0801332	-0.533378	0.135362	0.499646	-0.140012
573	0.000976562	0.0663957	0.169997	0.133999	-0.239072	0.98936	-0.226805
574	0.000976562	-0.0426831	-0.31721	-0.443726	-0.323428	-0.424659	0.0332408
575	0.000976562	-0.723485	0.113544	0.684209	-0.363738	0.118657	0.276283
576	0.000976562	0.614631	-0.0734939	-0.0239569	0.149317	-0.0851253	-0.0921063
577	0.000976562	-0.41766	-0.605767	-1.6543	-0.31279	-0.297119	-1.85417
578	0.000976562	0.196029	0.154016	0.429014	-0.500271	0.617053	0.427296
579	0.000976562	-0.0318506	-0.0336686	-0.215463	-0.439476	0.279195	0.197538
580	0.000976562	-0.849034	0.271877	-1.48187	-0.670534	0.231203	-1.51175
581	0.000976562	0.394482	-0.951366	1.06053	0.536082	-1.11817	1.46976
582	0.000976562	0.274602	0.0833496	-0.255684	-0.462013	0.509715	0.261075
583	0.000976562	0.134538	0.0644636	-0.0670767	0.450108	-0.407428	0.0313612
584	0.000976562	-0.0536044	0.356132	0.258699	-0.339473	-0.350066	0.519776
585	0.000976562	-0.873502	-0.41114	0.244796	-0.345914	-0.387971	0.307488
586	0.000976562	-0.451558	0.0986409	0.314053	0.126656	0.00525227	0.204527
587	0.000976562	-0.352009	-0.409071	-1.061	0.113922	-0.338232	-0.85838
588	0.000976562	0.507254	0.116452	1.13003	0.295514	-0.0799493	1.33038
589	0.000976562	0.122975	0.315881	0.368381	-0.0776073	0.0219895	-0.67424
590	0.000976562	1.03699	-1.05038	-1.37218	0.987567	-1.06532	-1.44688
591	0.000976562	-0.0177615	0.570936	-0.18114	0.495026	0.0114256	0.287094
592	0.000976562	-0.0781568	0.00732001	-0.563433	0.212725	0.121912	0.0660768
593	0.000976562	0.586777	0.164065	-0.766164	0.258619	0.552604	-0.482099
594	0.000976562	-0.000913771	0.158525	-0.535195	-0.26701	0.442597	0.0946421
595	0.000976562	-0.447601	0.587457	-0.53892	-0.0384605	0.341604	-0.387287
596	0.000976562	-0.947011	-1.17421	-0.332625	-0.800086	-0.998416	-0.534552
597	0.000976562	-1.09017	-0.0685915	0.723749	-0.838864	-0.0392979	0.579155
598	0.000976562	-0.656865	0.472132	-0.311077	-0.103037	0.364454	-0.225164
599	0.000976562	0.387621	-0.0842574	-0.188177	0.235584	0.237385	-0.0376749
600	0.000976562	-0.252374	0.141701	0.100729	0.251801	0.243485	-0.559403
601	0.000976562	0.429531	0.0647293	-0.0365872	0.263042	0.508007	-0.226907
602	0.000976562	-0.219569	-0.0886817	0.261963	0.193872	0.584163	0.393477
603	0.000976562	-0.178224	-0.121369	-1.01795	-0.0520181	0.165147	-0.660678
604	0.000976562	-0.29651	0.122938	-1.05576	-0.156555	-0.281791	-0.730542
605	0.000976562	-0.990656	0.646901	1.14192	-0.705881	0.59178	1.34968
606	0.000976562	-0.287373	0.405645	-0.243732	0.290138	0.0698784	0.132272
607	0.000976562	-0.0138702	0.0867825	0.129027	-0.293603	-0.398231	-0.666765
608	0.000976562	0.0277988	0.0527721	-0.155369	-0.66185	-0.741503	-0.0405317
609	0.000976562	-0.63158	0.143039	0.492326	-0.0654788	0.196421	0.118594
610	0.000976562	-0.477702	0.0234008	-1.77096	-0.257561	-0.0402409	-1.78126
611	0.000976562	0.432573	-0.298232	1.87599	0.413661	-0.196232	1.76934
612	0.000976562	0.810323	-0.0498767	-0.298198	0.225304	-0.126117	-0.24096
613	0.000976562	-0.146687	0.0452512	0.24389	0.4714	0.267423	-0.774561
614	0.000976562	-0.531955	-0.209901	-0.602453	-0.418876	-0.264591	-0.338237
615	0.000976562	0.546686	-0.0463365	-0.622345	0.138856	0.705313	-0.681696
616	0.000976562	0.291101	-0.163494	-0.0887426	0.291931	-0.310129	0.250108
617	0.000976562	-0.0202915	0.0662744	-1.21163	0.133049	-0.106749	-0.749514
618	0.000976562	0.609807	-0.680889	0.456823	0.336616	-0.384391	0.281649
619	0.000976562	-0.785001	-0.602635	1.22175	-0.798031	-0.291384	1.28548
620	0.000976562	0.217138	0.129218	-0.535823	0.12042	0.577953	-0.0421108
621	0.000976562	0.673865	-0.36338	0.250581	0.0684438	-0.0419273	0.0575443
622	0.000976562	0.256129	-0.21378	-1.19113	0.350636	-0.283303	-0.796171
623	0.000976562	0.0708802	0.455849	0.25883	-1.07994	0.293072	-0.0915934
624	0.000976562	-0.0594821	0.339013	0.297959	-0.131571	0.111303	0.00345324
625	0.000976562	-0.277124	0.766912	0.684753	-0.00646389	0.63376	0.280056
626	0.000976562	-0.0383838	0.579411	0.490941	0.446299	0.303823	0.0675387
627	0.000976562	0.0283302	-0.427048	1.0337	0.109883	-0.256716	0.635941
628	0.000976562	0.498927	-0.118128	-0.23962	-0.421592	-0.308879	-0.484525
629	0.000976562	-0.470644	0.152668	0.1223	-0.304738	0.146559	0.0839793
630	0.000976562	0.12397	0.0787359	0.183989	0.0608502	0.715337	-0.264355
631	0.000976562	0.115475	0.0997391	-0.188896	-0.0493727	-0.287192	-0.490235
632	0.000976562	0.103324	0.180971	0.588391	-0.65869	-0.219062	0.174337
633	0.000976562	-0.465995	0.443206	0.157022	-0.712797	-0.0566726	-0.034915
634	0.000976562	0.25077	0.429558	0.00910521	0.156782	-0.115119	0.393204
635	0.000976562	0.106657	0.299746	0.20267	-0.145037	0.40004	0.38769
636	0.000976562	-0.228005	-0.0904217	0.495739	0.499978	0.215731	0.141371
637	0.000976562	0.91132	0.495949	0.723086	0.848274	-0.276216	0.730389
638	0.000976562	-0.300818	0.221073	0.24223	0.326605	-0.470077	-0.126774
639	0.000976562	0.151083	0.721397	0.950047	0.41721	0.251365	0.785083
640	0.000976562	-0.00309214	-0.0682001	0.0146617	0.155109	0.167873	-0.178534
641	0.000976562	0.0482183	0.985729	0.957348	0.39177	0.554786	0.943291
642	0.000976562	-0.0843817	-0.00661098	0.0636631	0.918347	0.5431	0.385426
643	0.000976562	-0.0294104	-0.244824	-0.847236	0.231631	-0.301013	-0.327174
644	0.000976562	0.28729	-0.136804	-0.343008	0.697496	0.434232	-0.239797
645	0.000976562	0.224473	-0.0120758	0.201827	-0.191295	-0.677788	-0.226574
646	0.000976562	-0.154467	0.665678	0.030035	0.390087	0.298012	-0.0165501
647	0.000976562	0.389343	-0.589088	0.155986	0.17327	-0.513216	-0.101563
648	0.000976562	0.807599	-0.241812	-1.1747	0.768861	0.0748023	-0.926225
649	0.000976562	-0.678093	0.61509	0.122453	-0.201901	0.141561	-0.0479781
650	0.000976562	0.393983	-0.274261	0.314527	-0.273521	-0.576821	-0.197621
651	0.000976562	0.768579	0.187188	-0.078449	0.243908	-0.254922	-0.66647
652	0.000976562	0.405769	0.417917	0.510541	0.150101	-0.405003	0.258219
653	0.000976562	0.0854276	-0.0127369	0.327589	0.792278	0.146025	-0.121994
654	0.000976562	-0.0181481	0.314346	0.265439	-0.289428	-0.396763	-0.0104313
655	0.000976562	-0.0739934	-0.258826	-0.211164	0.609224	-0.114759	0.0293409
656	0.000976562	0.263013	-0.416711	-0.404382	0.0716114	0.283615	-0.00712576
657	0.000976562	0.607163	0.209346	1.65257	0.810606	0.412973	1.64715
658	0.000976562	-1.08746	0.0970535	0.71711	-0.765163	0.25581	0.414836
659	0.000976562	0.941012	-0.637776	-1.43493	0.751456	-0.593188	-1.30859
660	0.000976562	0.562414	0.550125	0.871829	0.259144	0.306162	0.441588
661	0.000976562	0.0956234	-0.20816	-1.0438	-0.124882	0.311549	-0.909579
662	0.000976562	0.183123	0.205107	0.285953	0.573905	0.105283	-0.107141
663	0.000976562	0.454265	0.19651	-0.115042	-0.375159	0.630818	0.253546
664	0.000976562	-0.0292904	-0.834975	0.638738	0.135212	-0.67776	0.277988
665	0.000976562	-0.21433	0.34058	0.233032	0.100926	-0.564153	-0.116739
666	0.000976562	0.285079	-0.941109	-0.988053	0.343832	-0.785411	-0.801574
667	0.000976562	-0.335648	-0.801566	-0.117944	-0.400077	-0.439274	0.132442
668	0.000976562	0.313115	-0.509531	0.214062	-0.0698973	-0.432312	0.588089
669	0.000976562	0.478419	0.559802	-0.154788	-0.136333	0.417359	-0.75372
670	0.000976562	0.190084	0.255261	0.0928997	0.292833	-0.499195	-0.389198
671	0.000976562	0.0955296	-0.240066	-0.515345	-0.00699434	-0.0321268	0.191887
672	0.000976562	0.291302	-0.106858	-0.837664	-0.141427	0.0430665	-0.490806
673	0.000976562	-0.36469	0.623262	0.131232	-0.200012	0.140463	0.288015
674	0.000976562	-0.197869	0.406676	0.190135	0.0682734	0.124972	0.328837
675	0.000976562	0.22692	0.0166519	0.262696	0.937272	0.231417	-0.391335
676	0.000976562	0.148039	0.197963	0.129645	0.423791	-0.631347	-0.0169422
677	0.000976562	0.0019599	0.341212	-0.0965931	0.368909	-0.083167	0.32932
678	0.000976562	0.0522062	0.59102	-0.249045	-0.657721	0.382394	-0.209107
679	0.000976562	-0.205647	0.0634622	-0.208226	0.604473	0.0284322	-0.264505
680	0.000976562	0.739808	-0.546882	0.586669	0.493326	-0.494837	0.466775
681	0.000976562	0.0740436	-0.00336765	-0.377266	-0.365547	0.342443	-0.168709
682	0.000976562	-0.084593	-0.606398	0.53048	-0.213958	-0.353493	0.278781
683	0.000976562	-0.979878	-0.178852	0.676371	-1.40905	0.314348	0.757541
684	0.000976562	-0.210038	-0.565758	-1.67568	-0.0384815	-0.278866	-1.55343
685	0.000976562	0.130738	0.107048	0.144828	0.356499	-0.412844	0.355619
686	0.000976562	0.0389196	0.38368	-0.0614251	0.309986	-0.502742	0.0883853
687	0.000976562	-0.320558	0.637603	-0.54071	0.184612	0.531645	-0.39927
688	0.000976562	0.340383	-0.0316782	0.266838	-0.123251	-0.161003	0.466692
689	0.000976562	-0.144341	-0.501928	1.03442	0.136502	-0.174307	1.09052
690	0.000976562	-0.232777	0.184978	0.801006	0.338025	-0.0114344	0.519272
691	0.000976562	-0.640943	-0.767158	-0.959877	-0.430337	-0.795442	-0.800383
692	0.000976562	0.147317	0.29832	0.090159	0.325124	0.560265	-0.424622
693	0.000976562	0.178752	-0.341439	0.216221	-0.142352	-0.244788	-0.106066
694	0.000976562	0.55802	0.0675755	1.49003	0.378792	-0.0474678	1.36291
695	0.000976562	0.606938	-0.134976	0.470083	0.197193	-0.254628	-0.349875
696	0.000976562	0.0761614	-0.0670169	0.302912	0.685211	0.275566	-0.322085
697	0.000976562	0.376173	0.0365586	0.27716	0.156548	-0.0224041	0.123133
698	0.000976562	-1.17461	-0.392548	-0.444029	-0.791401	-0.227334	-0.425076
699	0.000976562	0.688678	0.157769	-0.777161	0.39266	0.45571	-0.808129
700	0.000976562	1.08508	-0.244282	0.232869	0.531371	0.0283442	0.109779
701	0.000976562	0.521212	0.624666	-0.212527	0.089147	0.215562	-0.760299
702	0.000976562	0.0569736	0.347026	0.246242	0.950594	0.0546642	0.0869768
703	0.000976562	-0.17595	-1.19314	-1.01509	-0.132014	-1.32995	-1.39454
704	0.000976562	0.273219	-0.264644	-0.254494	0.16509	0.0263943	0.507896
705	0.000976562	0.172358	0.172738	-0.0434945	-0.0287934	-0.252141	-0.163386
706	0.000976562	0.784143	0.684752	-0.638643	0.485586	0.4554	-0.60173
707	0.000976562	0.560623	-0.0431882	0.765115	0.229641	-0.665097	0.795725
708	0.000976562	0.64273	0.227195	0.70641	-0.080402	-0.31617	0.745778
709	0.000976562	-0.761483	-0.770043	-1.04969	-0.726671	-1.08559	-0.809672
710	0.000976562	0.1181	0.431179	0.407633	-0.066946	-0.582645	-0.0238944
711	0.000976562	-0.0606058	-0.0403681	-0.128786	0.0592499	0.521201	0.505615
712	0.000976562	0.0639298	0.386081	0.29917	1.00298	-0.195302	0.267568
713	0.000976562	-0.603559	0.346111	0.554982	-0.0255873	0.339464	0.27326
714	0.000976562	0.0305943	-0.109573	-0.214099	0.0950436	0.437391	-0.115055
715	0.000976562	0.628569	-0.34806	-0.0288006	0.295871	0.196765	0.38059
716	0.000976562	-1.19388	-0.529187	0.342663	-0.798601	-0.676021	0.468086
717	0.000976562	-0.0128002	0.505503	-0.201573	0.476484	0.0167222	0.189407
718	0.000976562	1.09248	0.482799	-0.0800578	1.00947	0.37263	-0.194506
719	0.000976562	0.501893	0.559379	0.955024	0.417518	0.307087	0.41072
720	0.000976562	-0.198006	-0.540869	-1.68275	-0.00667252	-0.979475	-1.75933
721	0.000976562	0.0694628	0.0505968	-0.193788	0.660701	0.0576206	0.36121
722	0.000976562	0.220543	-0.000123723	0.281763	0.454394	0.265732	-0.524346
723	0.000976562	0.326029	-0.205331	0.119616	-0.193749	0.691201	0.164862
724	0.000976562	0.13033	0.133372	0.124647	-0.240963	0.78778	0.433653
725	0.000976562	-0.645339	-0.823324	1.39824	-0.657901	-0.734512	1.62144
726	0.000976562	0.659699	0.62679	-0.305715	0.519302	0.616633	-0.742039
727	0.000976562	0.340853	-0.101775	0.0830005	-0.272943	0.664359	0.386164
728	0.000976562	1.01278	-0.46371	-0.72199	0.636347	-0.422315	-0.486338
729	0.000976562	-0.0160838	0.245494	0.150044	-0.383143	0.471008	-0.0268187
730	0.000976562	-0.871971	-0.256732	-1.13211	-0.566189	-0.0488579	-1.07126
731	0.000976562	0.0155053	0.471699	-0.159935	0.611992	0.019651	0.224101
732	0.000976562	0.223306	-0.314726	0.0945021	0.370131	0.287234	-0.244005
733	0.000976562	0.0351126	0.169902	0.0743131	0.75253	0.0217767	-0.665458
734	0.000976562	-0.00542437	-0.197013	-0.171847	0.449422	0.435124	-0.00126659
735	0.000976562	0.244748	-0.380162	-0.0749335	0.27889	0.275202	0.496727
736	0.000976562	-0.00593187	0.179879	-0.917473	-0.00680256	0.384917	-0.599393
737	0.000976562	0.144434	0.364172	0.287708	0.673636	0.464655	-0.630543
738	0.000976562	0.390209	-0.182474	-0.394894	-0.192779	-0.730613	-0.494674
739	0.000976562	0.449739	-0.426449	0.333986	0.169856	-0.406018	0.383066
740	0.000976562	0.0728413	0.365223	0.0893451	-0.325108	0.188141	0.841174
741	0.000976562	0.218703	-0.0204965	0.191419	0.0612397	0.417892	-0.0720895
742	0.000976562	0.257128	0.155228	0.00547109	-0.380743	0.0354648	0.758859
743	0.000976562	0.134893	0.499307	-0.110949	-0.41574	0.39555	-0.330286
744	0.000976562	0.138555	0.206946	0.0343545	0.324881	-0.54587	0.637293
745	0.000976562	0.0482821	0.110259	0.0208597	-0.407224	-0.673603	0.0654916
746	0.000976562	-0.529484	-0.165587	-0.230943	0.0736832	-0.160796	-0.300288
747	0.000976562	-0.26227	-0.758352	-1.18657	-0.103959	-0.76903	-0.918893
748	0.000976562	0.38639	-0.0283454	0.110384	0.0863994	-0.279768	-0.282441
749	0.000976562	0.266359	-0.124903	0.466883	-0.159344	-0.857281	0.279829
750	0.000976562	-0.173422	0.762005	-0.0222448	-0.487482	0.35931	-0.433826
751	0.000976562	-0.154538	0.840734	0.0556886	0.203937	0.164559	-0.0115617
752	0.000976562	-0.302207	-0.0982821	-0.0591064	0.110595	0.318688	0.452621
753	0.000976562	0.0381655	0.116959	0.374146	0.105845	0.295035	-0.0933942
754	0.000976562	0.0943459	0.309357	-0.0653866	0.565617	-0.606955	-0.230796
755	0.000976562	0.00672119	-0.120156	-0.304619	0.271697	0.124443	-0.113014
756	0.000976562	0.0374851	0.0219197	0.184098	0.3308	0.28298	-0.0849768
757	0.000976562	0.233859	1.15445	0.765275	0.102115	0.651325	0.806687
758	0.000976562	0.033337	-0.202696	1.85431	0.193859	-0.351761	1.78825
759	0.000976562	0.0602977	0.131413	-0.731327	0.129836	0.137091	-0.336043
760	0.000976562	-0.751186	-0.891957	1.53787	-0.799516	-0.808512	1.57973
761	0.000976562	-0.204578	-0.429158	-1.69338	-0.0492943	-0.755013	-1.59804
762	0.000976562	0.209743	0.181386	0.114854	-0.0747645	-0.207781	0.189894
763	0.000976562	0.19316	0.15977	0.450818	-0.595139	0.445668	0.722528
764	0.000976562	0.18064	-0.0598102	0.341545	-0.527427	-0.416164	0.056273
765	0.000976562	0.0407242	-0.174995	-0.686852	0.0736529	-0.504081	-0.101616
766	0.000976562	-0.901442	-0.846043	-0.624092	-0.611524	-0.63123	-0.522281
767	0.000976562	-0.421229	-0.0633021	0.283253	0.159487	0.497014	0.589609
768	0.000976562	-1.56051	-0.552559	0.500699	-1.55022	-0.28458	0.455026
769	0.000976562	0.662724	0.140138	0.481035	0.596757	-0.759699	0.600577
770	0.000976562	0.542307	-0.510261	-0.765766	0.167352	-0.402113	-0.317219
771	0.000976562	0.333274	-0.236482	0.330316	-0.0305333	-0.369501	-0.0953498
772	0.000976562	0.278545	0.234404	-1.0059	0.0194369	0.369329	-0.651805
773	0.000976562	-0.341484	-0.580779	1.14269	-0.220967	-0.478982	1.72127
774	0.000976562	-0.0964061	0.347194	0.251737	0.557727	-0.513226	0.674077
775	0.000976562	-0.600253	-0.278195	0.426595	0.0608987	-0.43252	0.380632
776	0.000976562	-0.175818	0.837992	0.4806	0.366006	0.66929	0.11068
777	0.000976562	0.32805	0.0701998	-0.155264	-0.115007	0.327632	-0.143922
778	0.000976562	-0.441922	0.0427734	0.147529	0.175851	-0.219348	0.369549
779	0.000976562	0.832348	-0.327997	-0.29312	0.302217	-0.515866	-0.63907
780	0.000976562	0.182091	0.390295	-0.116197	0.0726208	-0.205613	0.0248748
781	0.000976562	-0.539168	0.0431433	0.450972	0.171249	0.153652	0.196143
782	0.000976562	0.0745782	0.0954322	0.0989894	0.878032	1.07634	-0.158936
783	0.000976562	-0.0523866	-0.408312	-0.397957	-0.516252	-0.215776	-0.224019
784	0.000976562	0.0762026	0.329023	0.175326	-0.123993	0.793673	0.0598076
785	0.000976562	0.185496	0.511747	0.286474	0.537075	0.226631	-0.409654
786	0.000976562	0.395996	-0.551816	0.668479	0.266193	-0.484956	0.205152
787	0.000976562	-0.114015	-0.671283	-1.3429	-0.12762	-0.73641	-0.916199
788	0.000976562	-1.64011	-0.769166	0.0924221	-1.71743	-0.643937	0.102069
789	0.000976562	0.315662	-0.259942	-0.0405341	0.180958	0.498546	0.469789
790	0.000976562	-0.17372	-0.576251	-0.605438	0.155482	-0.35647	-0.312304
791	0.000976562	0.00543447	0.0185072	1.09427	-0.381746	-0.126091	0.931142
792	0.000976562	0.660964	-0.041063	-0.0457709	-0.0313569	-0.259327	-0.682729
793	0.000976562	-0.115122	0.101191	0.456132	0.119326	0.597638	0.364254
794	0.000976562	-1.44345	0.154283	-0.359893	-1.13923	0.254495	-0.307797
795	0.000976562	0.114221	-0.200551	1.57093	0.110191	-0.0502158	1.28272
796	0.000976562	0.185873	0.117764	0.356256	0.314908	1.03286	-0.119291
797	0.000976562	-0.0672924	-1.27429	1.34321	-0.130767	-1.24604	1.32215
798	0.000976562	0.64217	-0.101375	0.257456	-0.0809501	0.208043	-0.216905
799	0.000976562	-0.152132	-0.290384	0.320417	0.00814312	0.3924	0.286741
800	0.000976562	-0.000334137	0.0968545	-0.00832306	-0.254337	-0.0547842	-0.278919
801	0.000976562	0.0799335	0.0725998	-0.129887	0.774179	-0.115741	0.00673962
802	0.000976562	0.0116773	0.162502	0.166294	-0.651506	0.672089	0.528598
803	0.000976562	-0.277919	0.0687743	0.080321	0.602149	-0.203618	0.649787
804	0.000976562	0.377781	0.634916	-0.338497	-0.0173559	0.468627	-0.309372
805	0.000976562	0.0186315	-0.232996	-0.577772	0.419378	-0.173209	-0.0246331
806	0.000976562	0.890994	-0.976812	1.2058	1.02429	-1.02112	1.39226
807	0.000976562	-0.0571971	0.083491	0.545725	0.337237	-0.520457	-0.0320974
808	0.000976562	-0.409566	-0.706579	-0.775854	-0.194591	-0.537836	-0.487524
809	0.000976562	-0.291444	-0.481641	0.554557	0.168736	-0.528009	0.374171
810	0.000976562	-0.278422	0.547698	0.614455	-0.155235	0.429813	-0.202456
811	0.000976562	0.169944	0.284167	0.355752	-0.452553	0.712481	0.105743
812	0.000976562	0.798057	-0.0325274	-1.14077	0.634101	-0.00115993	-0.745187
813	0.000976562	0.228154	0.0411061	0.544504	-0.637063	-0.0363445	0.134369
814	0.000976562	0.11738	0.328921	-0.0639097	0.397078	-0.217591	-0.153264
815	0.000976562	0.224174	0.103136	0.156663	0.270176	0.123565	-0.683431
816	0.000976562	0.340444	0.240928	0.203457	-0.19169	-0.427357	-0.513229
817	0.000976562	-0.146679	-1.43074	-0.935746	-0.0420954	-1.53236	-1.08753
818	0.000976562	0.205285	0.00132258	0.27853	0.413026	0.240044	-0.0849408
819	0.000976562	0.382804	0.0665806	0.653624	0.252383	-0.176831	0.0261721
820	0.000976562	-0.114769	0.548285	0.246625	-0.662213	-0.0830845	-0.198662
821	0.000976562	-1.26519	-0.875383	-0.853083	-1.09349	-0.685777	-0.86995
822	0.000976562	0.308363	-1.46472	-0.899007	0.497282	-1.58541	-1.08445
823	0.000976562	0.390354	-0.112455	0.0376781	0.0438551	0.198596	-0.0167639
824	0.000976562	-0.0241574	0.321913	0.31993	1.01464	0.15148	0.00914262
825	0.000976562	0.652964	-0.184736	0.287225	0.0373036	0.0423264	-0.138049
826	0.000976562	-0.105188	0.626944	0.225237	-0.689414	0.265801	0.300567
827	0.000976562	-0.154331	-1.23892	0.024329	-0.200813	-1.04658	0.192635
828	0.000976562	-0.681035	0.914444	-1.79391	-0.667297	0.805771	-1.9095
829	0.000976562	0.157459	0.444892	0.242269	-0.63671	-0.378353	0.56722
830	0.000976562	-0.0767399	0.0150889	-0.186929	0.248785	0.614237	-0.387047
831	0.000976562	0.0100341	0.0580286	0.342394	-0.913579	0.0619092	0.188406
832	0.000976562	0.343294	-0.0228991	0.0852237	-0.0537845	-0.367363	-0.293411
833	0.000976562	-0.0164664	-0.633879	0.709318	-0.263747	-0.601361	0.463426
834	0.000976562	0.144334	0.348825	0.375464	-0.114378	-0.0218932	-0.58931
835	0.000976562	0.252314	-0.492821	-1.28973	0.008199	-0.578652	-0.870311
836	0.000976562	-0.999302	-0.0960729	1.34131	-1.00968	-0.0513997	1.10477
837	0.000976562	0.770032	0.424544	0.750708	0.731344	0.476028	1.18685
838	0.000976562	-0.996081	-0.913356	0.839642	-0.825323	-0.649787	0.757627
839	0.000976562	-0.220821	1.79966	-0.586371	-0.224456	1.64473	-0.487064
840	0.000976562	0.187642	-0.240153	0.193331	0.03236	-0.140282	0.0779449
841	0.000976562	-0.231647	0.522988	0.530925	0.179148	0.16239	0.0316489
842	0.000976562	-0.0108371	-0.467692	-0.642901	0.0544657	-0.390144	-0.27091
843	0.000976562	-1.20206	-0.418214	-1.39167	-1.15579	-0.535347	-1.59522
844	0.000976562	-0.24205	0.0492306	0.191521	0.714222	0.647394	0.227647
845	0.000976562	0.0848076	0.196188	-0.158585	-0.673899	0.490554	-0.101901
846	0.000976562	-1.04384	-0.948495	-1.09197	-0.845516	-0.974202	-1.10608
847	0.000976562	-0.208086	-0.179604	-1.38452	-0.149357	-0.462167	-0.970632
848	0.000976562	-0.301029	0.161302	0.439279	-0.36716	0.338743	-0.153126
849	0.000976562	0.0114283	0.0809759	-0.208125	-0.135042	0.443041	0.250706
850	0.000976562	0.252918	0.858177	-0.101126	-0.427126	1.1207	-0.196364
851	0.000976562	-0.0951897	0.250932	0.116212	0.441167	-0.154917	1.02216
852	0.000976562	-0.638529	-0.332903	-1.83816	-0.493346	-0.555539	-1.72713
853	0.000976562	0.545308	-0.52831	-0.0844497	-0.0118904	-0.697273	-0.23451
854	0.000976562	0.436691	-0.253112	-0.0664677	0.102215	0.457808	0.415246
855	0.000976562	0.0905011	-0.0618156	0.0443102	0.624986	-0.0864753	0.272854
856	0.000976562	0.140281	0.101245	-0.026466	-0.142653	-0.287268	-0.303666
857	0.000976562	0.0489365	-0.100995	0.0760589	0.155747	0.326578	0.336707
858	0.000976562	0.469477	-0.857293	-1.11344	0.519131	-0.451451	-1.1252
859	0.000976562	-0.0938147	0.565835	-0.146929	-0.338604	0.0194022	-0.0876048
860	0.000976562	-0.0144251	0.343385	-0.376352	-0.471649	0.0144488	-0.357376
861	0.000976562	-0.124463	0.0305573	-0.174535	0.764721	0.249861	0.143303
862	0.000976562	0.173229	0.38296	0.0814567	0.765662	-0.29993	0.355885
863	0.000976562	-0.961982	-0.628049	-0.665857	-0.890278	-0.723353	-0.391509
864	0.000976562	-0.0605139	-0.641801	-1.36012	0.0505406	-0.558678	-1.14359
865	0.000976562	0.0948166	-0.573217	-1.35595	0.292298	-0.45927	-1.01687
866	0.000976562	1.2196	0.251108	-0.628092	0.906971	0.0293261	-0.399506
867	0.000976562	0.24167	-0.369501	-0.378888	0.0170136	-0.0641531	0.0887721
868	0.000976562	0.858058	-1.62091	-0.104656	0.980382	-1.59713	-0.219257
869	0.000976562	0.464357	-0.390423	0.27835	0.123617	0.0834031	0.244593
870	0.000976562	0.0410024	-0.415577	-0.375465	-0.325349	-0.0397454	-0.00304913
871	0.000976562	-0.738016	0.894697	0.7747	-0.248695	1.01815	0.916966
872	0.000976562	0.0559217	-0.0400049	-0.190169	-0.148922	-0.000337512	0.189256
873	0.000976562	-0.385518	0.331594	0.599784	-0.0288771	0.321423	-0.0857303
874	0.000976562	0.0709134	0.374345	0.253381	1.07106	0.328634	0.486882
875	0.000976562	0.126448	0.562894	0.193147	-0.764067	0.306942	0.287074
876	0.000976562	-0.785117	0.764482	0.658181	-0.228127	0.930445	0.746555
877	0.000976562	0.782758	0.115924	0.562049	0.415657	-0.634577	0.223115
878	0.000976562	-0.530837	-0.201963	0.650368	0.0109232	-0.582695	0.522514
879	0.000976562	-0.239875	1.21699	-1.01903	-0.173112	1.01253	-0.827942
880	0.000976562	0.726595	0.0334746	-0.890919	0.380517	0.505528	-0.970613
881	0.000976562	-1.18773	0.601942	0.514412	-0.953766	0.928368	0.730028
882	0.000976562	0.169619	0.44631	0.176825	0.316926	-0.17027	-0.280164
883	0.000976562	0.319511	0.808609	0.140185	-0.19828	0.777505	0.451759
884	0.000976562	-0.0754865	0.442215	-0.177542	-0.576231	0.175051	0.0842129
885	0.000976562	0.0573087	0.112552	-0.181064	-0.211711	0.0512326	0.0891234
886	0.000976562	-0.140577	0.0504857	0.263187	0.469005	0.351964	-0.675199
887	0.000976562	0.595024	0.279525	-0.66329	0.139299	0.495872	-0.691044
888	0.000976562	-0.762099	-0.327133	-1.62691	-0.89596	-0.677391	-1.70464
889	0.000976562	0.00380589	-0.440733	-1.0587	-0.0355125	-0.246746	-0.685358
890	0.000976562	0.0943512	0.313753	0.148262	-0.722598	0.476685	0.593017
891	0.000976562	-0.756984	-0.361528	-1.38089	-0.439034	-0.385754	-1.42298
892	0.000976562	0.155391	0.123885	0.0729951	0.815301	-0.319658	0.33152
893	0.000976562	-0.625564	1.22216	0.983983	-0.329471	1.16251	1.18512
894	0.000976562	0.123078	0.521513	0.271405	0.126157	-0.0288204	0.330314
895	0.000976562	-0.0360182	0.279312	-0.866401	0.224906	0.0838773	-0.321817
896	0.000976562	0.207624	0.309758	0.0427107	0.388827	-0.314596	-0.267903
897	0.000976562	0.505945	-0.19437	0.502859	0.398761	-0.845759	0.143806
898	0.000976562	-0.301671	0.595022	0.0616981	-0.505653	0.492083	-0.0155139
899	0.000976562	-0.442838	1.17253	-0.0628106	-0.138829	0.888885	-0.143141
900	0.000976562	0.589098	-0.390408	0.279814	0.0162322	-0.859478	0.0542167
901	0.000976562	0.102772	0.0952992	0.0978888	-0.0676248	0.483171	-0.0253529
902	0.000976562	-0.0311767	-0.343861	0.527487	-0.123383	0.34393	0.606745
903	0.000976562	0.0658347	0.215732	0.588457	0.0825287	0.556567	-0.238786
904	0.000976562	0.452873	0.518122	-0.491467	0.288801	0.217472	-0.564781
905	0.000976562	0.0711644	0.285613	0.405512	0.403	0.294714	-0.12605
906	0.000976562	-0.154494	0.511649	0.160255	0.774515	0.0716671	0.211013
907	0.000976562	0.132389	-0.165664	1.71419	0.192264	-0.019009	1.55405
908	0.000976562	0.39938	0.786639	-0.191935	-0.153285	0.642765	-0.297846
909	0.000976562	-0.0729701	-0.0669048	-0.146944	-0.338653	0.24672	0.241747
910	0.000976562	0.152173	0.526043	0.00139364	0.124259	0.597913	0.704167
911	0.000976562	0.0794321	0.251374	0.022455	0.736756	0.375843	-0.138973
912	0.000976562	0.0649904	0.0487586	0.00204295	-0.131701	0.756871	0.68744
913	0.000976562	-0.186775	0.00990063	0.00358724	0.34192	-0.326871	0.242336
914	0.000976562	0.340323	-0.267165	-1.09235	0.379915	-0.499337	-0.698926
915	0.000976562	0.103258	0.393997	0.494223	-0.396045	0.52071	0.0969165
916	0.000976562	0.508911	-0.0740446	0.500756	-0.168935	-0.883909	0.547902
917	0.000976562	-0.259491	0.381316	-0.977382	-0.0501983	0.259968	-0.602115
918	0.000976562	-0.525031	0.256308	-1.71282	-0.599589	-0.028648	-1.73133
919	0.000976562	0.67492	-0.231984	0.00519957	0.150717	-0.618774	-0.490655
920	0.000976562	0.150898	0.307133	0.394947	-0.552276	0.561919	-0.23619
921	0.000976562	-1.27466	0.21071	0.763731	-1.06329	0.481932	0.637738
922	0.000976562	-0.791577	0.619806	-0.486365	-0.422531	0.476513	-0.38715
923	0.000976562	0.807274	-0.0304073	1.09645	0.687986	-0.216239	1.12126
924	0.000976562	0.0737423	0.179915	0.369511	-0.114113	0.650666	0.129535
925	0.000976562	-0.917855	0.479652	-0.670026	-0.549927	0.48983	-0.397003
926	0.000976562	0.209714	-0.0816125	0.285467	-0.00672636	0.894983	0.214041
927	0.000976562	0.779122	0.0902718	0.506917	0.0278837	-0.210247	0.557837
928	0.000976562	-0.768084	-1.39177	0.379351	-0.873322	-1.72266	0.449806
929	0.000976562	0.18755	-0.0986921	-0.236409	0.636274	0.74702	-0.193758
930	0.000976562	-0.0352178	0.161487	-0.00989899	-0.88489	0.199761	0.317014
931	0.000976562	-0.651989	-0.944215	-1.2326	-0.398278	-0.991235	-1.2819
932	0.000976562	0.28082	-0.40628	-0.804247	0.268203	0.0883732	-0.40757
933	0.000976562	0.249095	0.169634	0.101926	0.608246	-0.00781245	-0.0543268
934	0.000976562	-0.974391	-1.00046	-1.01944	-1.0489	-1.10412	-1.29304
935	0.000976562	-0.0583577	0.161901	0.109298	-0.230812	-0.372495	-0.707719
936	0.000976562	-0.0391351	-0.0760772	0.33491	-0.0646947	0.906549	0.167876
937	0.000976562	-0.122687	0.677307	-0.110642	-0.244666	0.399168	-0.187874
938	0.000976562	-0.0103019	-0.302427	0.0468353	-0.382514	0.359319	0.383241
939	0.000976562	-0.98011	-1.30973	-0.296121	-1.03747	-1.20084	-0.364016
940	0.000976562	0.117514	-0.0269202	-0.0531335	0.574894	0.575832	0.101369
941	0.000976562	0.210481	-0.059503	-0.0716106	-0.0174838	-0.129011	0.772524
942	0.000976562	-0.907278	-0.241186	-0.303814	-0.40803	-0.0257069	-0.225298
943	0.000976562	0.283858	0.12442	0.201439	-0.157969	-0.153641	0.412366
944	0.000976562	0.027335	-0.116068	-0.169328	0.291263	0.582754	-0.309328
945	0.000976562	0.721848	0.143265	-0.662741	0.366535	0.463296	-0.695966
946	0.000976562	0.274595	-0.408806	-0.359001	-0.281398	-0.574575	-0.236726
947	0.000976562	0.884274	-0.65438	-0.653755	0.533149	-0.462857	-0.392565
948	0.000976562	0.0583678	-0.0533022	1.28004	-0.148253	-0.148589	0.983689
949	0.000976562	-0.723614	-0.453933	-1.36253	-0.739317	-0.802652	-1.25161
950	0.000976562	0.464868	-1.12096	-1.28936	0.638394	-1.01407	-1.40371
951	0.000976562	0.157435	0.0838107	-1.15686	-0.137275	0.148118	-0.85023
952	0.000976562	-0.115574	-0.29654	-1.64005	-0.0427861	-0.0274176	-1.48474
953	0.000976562	0.0535596	-0.414823	-1.11289	0.175317	-0.229246	-0.707101
954	0.000976562	0.407994	-0.563178	0.247293	-0.0916449	-0.803928	0.0317457
955	0.000976562	-0.162751	0.648244	-0.183652	-0.469581	0.246796	0.185635
956	0.000976562	-0.107659	0.383018	0.29342	0.514202	0.407128	0.32064
957	0.000976562	0.219037	0.35136	0.191324	0.849063	0.0222722	0.149182
958	0.000976562	0.275869	0.0200548	-0.184028	-0.206689	0.631076	0.598118
959	0.000976562	-0.0667595	0.128875	-0.329486	0.210084	-0.513843	0.0662465
960	0.000976562	-0.944554	0.0817766	-0.259035	-0.407847	0.13554	-0.125134
961	0.000976562	0.158501	0.589274	0.0611532	-0.285843	0.351486	0.1515
962	0.000976562	0.0516576	0.131699	0.0693556	0.290358	1.07722	0.207451
963	0.000976562	-9.34415e-05	-0.689114	-1.27905	0.149199	-0.617082	-0.976606
964	0.000976562	0.182382	0.0158295	-0.342076	0.0728087	-0.0660463	-0.240025
965	0.000976562	0.200647	0.0154907	0.30859	0.206526	-0.336908	-0.106272
966	0.000976562	-0.575489	-0.421574	-1.39769	-0.547637	-0.434165	-1.24279
967	0.000976562	-0.142218	0.490499	0.577258	0.362775	0.340475	0.128451
968	0.000976562	-0.17893	0.538969	0.554645	0.400906	0.462516	0.0457123
969	0.000976562	0.35664	0.515458	0.110427	0.212591	-0.0950292	-0.130967
970	0.000976562	-0.131445	0.342347	0.200166	0.303754	0.768577	0.635246
971	0.000976562	0.585615	-0.508173	-0.616084	0.305574	-0.0923756	-0.21
972	0.000976562	0.0983203	0.0941523	0.227169	0.451226	-0.386826	0.734305
973	0.000976562	-0.0857951	-0.705796	1.71701	-0.0156869	-0.605784	1.59002
974	0.000976562	-0.124009	0.0758801	0.00750387	0.163695	-0.4396	0.282193
975	0.000976562	0.981332	0.127803	-0.863335	0.815359	0.521332	-0.886939
976	0.000976562	-0.233689	-0.230479	0.885799	0.302636	-0.400097	0.598836
977	0.000976562	0.288947	0.328461	0.361779	-0.329976	0.275932	0.00640163
978	0.000976562	-0.269459	0.40435	0.287201	0.258018	-0.271132	0.0660245
979	0.000976562	-0.0088083	0.0974243	0.392599	-0.40599	0.662656	-0.0485415
980	0.000976562	0.0582119	-0.172892	-0.304266	0.274465	-0.0869341	0.541861
981	0.000976562	-0.0246142	0.187142	0.205686	0.355592	1.10786	0.0149085
982	0.000976562	0.668128	0.578581	0.81123	0.118525	0.230083	0.722359
983	0.000976562	-1.18994	0.103027	-1.58387	-0.995739	0.140898	-1.71595
984	0.000976562	0.111463	0.512281	0.130986	0.301649	-0.366133	-0.441913
985	0.000976562	-0.61011	0.117493	0.167174	-0.17979	-0.0245268	-0.0566453
986	0.000976562	0.838643	1.72315	-0.513636	0.863875	1.75602	-0.402332
987	0.000976562	0.0395578	0.507232	0.115903	0.66142	-0.27189	0.323735
988	0.000976562	0.0804132	0.144916	-0.0496537	-0.1699	-0.106496	0.783752
989	0.000976562	0.752387	0.0942603	-0.164021	0.274109	-0.210385	-0.246386
990	0.000976562	-1.57448	0.222197	0.407168	-1.34967	0.170741	0.312915
991	0.000976562	0.198221	-0.0519994	-0.0763844	0.0322248	-0.492301	0.189958
992	0.000976562	-0.0614194	0.178206	0.0683565	0.52457	0.462727	0.244871
993	0.000976562	0.237394	-0.277732	0.321236	0.0110665	-0.522297	-0.136282
994	0.000976562	0.13319	0.510058	-0.0236512	0.512832	0.111826	-0.0276277
995	0.000976562	-0.439212	-0.464912	1.21595	-0.226361	-0.259524	0.990139
996	0.000976562	0.385075	0.386535	0.473672	-0.384108	-0.212614	1.01238
997	0.000976562	-0.152273	0.477025	-1.21572	0.160707	0.437592	-0.886794
998	0.000976562	-0.151296	-0.0379739	0.300362	0.236739	0.600003	0.388304
999	0.000976562	-0.757357	-1.35895	0.366474	-0.843512	-1.66666	0.463224
1000	0.000976562	0.0760676	-0.150352	-1.00376	0.328084	-0.151196	-0.504071
1001	0.000976562	0.0203313	0.0749342	-0.292543	0.188429	0.0494836	0.643227
1002	0.000976562	0.0743818	0.0960948	0.154004	0.612834	-0.260542	0.443426
1003	0.000976562	-0.306428	0.281839	0.174169	0.244415	-0.0950612	-0.199846
1004	0.000976562	0.778614	-0.50914	-1.13603	0.909265	-0.369906	-0.830958
1005	0.000976562	0.363536	0.506042	1.02928	0.0629206	0.572351	1.09637
1006	0.000976562	0.424202	-0.606577	-0.0996832	0.401377	-0.348415	-0.0751517
1007	0.000976562	0.084395	0.483135	-0.62488	0.321673	0.191532	-0.0903355
1008	0.000976562	0.264095	-0.490784	-0.479771	-0.211815	-0.0852545	-0.793507
1009	0.000976562	0.153391	0.33264	-0.165828	-0.283073	-0.0219595	0.539597
1010	0.000976562	0.651779	0.728024	-0.129868	0.527511	1.00498	-0.608798
1011	0.000976562	-0.496277	0.648308	0.704133	-0.216192	0.282107	0.20968
1012	0.000976562	0.03121	0.245269	0.103331	0.725448	0.47351	-0.481869
1013	0.000976562	0.0359579	-0.0252372	-0.770021	-0.073683	0.246578	-0.22089
1014	0.000976562	-0.180242	0.776306	0.4104	0.0794868	0.246391	-0.1282
1015	0.000976562	-0.155919	-0.948891	-0.695391	-0.052639	-0.72831	-0.504249
1016	0.000976562	-0.102677	0.444332	-0.649641	0.0558161	0.317353	-0.110759
1017	0.000976562	0.509611	-0.317644	-0.251636	0.0312845	-0.019371	-0.485575
1018	0.000976562	0.0651706	0.470048	0.204642	-0.987105	0.283433	0.00742083
1019	0.000976562	-0.0991514	-1.74373	-0.772939	-0.0291117	-1.75859	-0.8495
1020	0.000976562	1.09434	0.00726289	1.3626	1.20542	0.216177	1.25376
1021	0.000976562	-0.314653	0.583436	0.101146	-0.397673	0.181931	-0.197621
1022	0.000976562	-0.113826	0.105311	0.178079	0.428081	0.304448	-0.097466
1023	0.000976562	0.496607	-0.150933	0.440127	0.173462	-0.821205	0.338665
