8.000000e+00
1024
0	0.000976562	0.785424	-0.00804626	-0.155388	-0.386898	0.121421	0.371753
1	0.000976562	0.0880061	0.359892	-0.0537169	0.605626	-0.0658186	0.443564
2	0.000976562	0.340688	0.422015	-1.58426	-0.128157	0.302876	-0.448703
3	0.000976562	0.333354	0.360099	0.347824	-0.825165	0.934774	1.05001
4	0.000976562	-2.08878	-1.24853	-2.0776	-0.842483	-0.534273	-1.03311
5	0.000976562	0.10736	0.201975	0.279813	0.62524	0.484498	-0.750213
6	0.000976562	0.0112162	0.410058	0.315346	-0.266805	0.240888	-1.2891
7	0.000976562	0.171547	0.229704	0.288268	0.178661	0.983536	-0.101246
8	0.000976562	0.00135943	0.437871	0.00913155	0.285501	0.493784	1.23324
9	0.000976562	1.766	-1.07861	-0.336728	0.497681	-0.494944	-0.0181107
10	0.000976562	0.434256	0.0394608	0.171562	0.585042	0.557333	-0.102867
11	0.000976562	0.200171	0.284569	0.192722	-0.414176	-0.752831	1.18909
12	0.000976562	0.609451	-0.873868	-0.0614012	0.207119	0.0756965	0.0144833
13	0.000976562	0.293287	1.47912	1.22479	0.0668395	0.244528	0.481174
14	0.000976562	0.226167	0.449749	0.336337	-0.311712	-0.0864429	0.350484
15	0.000976562	0.102075	0.47551	-0.616191	-0.402885	-0.293596	-0.127274
16	0.000976562	0.132304	0.161721	0.282878	0.536006	1.31465	0.973171
17	0.000976562	-0.0351462	0.046588	0.026367	-0.560209	0.229897	0.26376
18	0.000976562	0.337588	-1.44704	3.26267	0.232607	-0.613463	1.59208
19	0.000976562	-0.0961628	-0.339111	-2.50527	-0.0515921	0.00976323	-1.03152
20	0.000976562	0.0602244	0.33057	-0.11351	0.290056	0.312205	-0.156779
21	0.000976562	-0.729249	1.15316	-0.326807	-0.419983	0.104068	-0.075421
22	0.000976562	-0.317493	-0.192613	0.112599	0.267667	0.64373	0.262692
23	0.000976562	0.16848	0.210466	0.217981	-1.54436	1.15659	-0.165502
24	0.000976562	0.494046	-0.105905	-0.0283636	0.0289337	0.680133	0.593809
25	0.000976562	-1.48947	-1.43851	-1.07089	-0.552309	-0.69454	-0.339796
26	0.000976562	-2.33812	-1.00073	-2.79259	-0.978414	-0.469141	-1.45
27	0.000976562	-0.57554	0.587374	-0.0790869	-0.0682801	-0.302328	0.038952
28	0.000976562	0.0886666	0.418374	0.248078	0.286202	1.10444	1.25256
29	0.000976562	-0.0154029	0.231105	0.323193	-0.445935	0.707517	0.208996
30	0.000976562	0.247809	0.045718	0.193636	1.35166	-0.142036	0.218615
31	0.000976562	0.219816	0.55155	0.163844	0.560766	-0.485485	-0.162375
32	0.000976562	0.262964	0.116991	0.148451	0.406839	-0.597828	-0.564707
33	0.000976562	0.0398719	0.202245	-0.0176912	-0.4685	0.23717	-0.0427793
34	0.000976562	-0.445263	1.28227	0.13919	-0.0725733	0.0624106	0.224882
35	0.000976562	-0.153173	0.0410207	-0.0852821	-0.266037	0.450225	0.611349
36	0.000976562	0.262871	0.146714	0.151074	-0.54061	0.127246	-0.343902
37	0.000976562	0.102855	0.21686	0.261535	-0.152839	0.310149	0.772494
38	0.000976562	2.94408	-1.45376	0.986527	1.50547	-0.641352	0.43035
39	0.000976562	0.295069	0.323222	0.0818131	-1.04087	-0.229059	0.346333
40	0.000976562	1.22317	-0.883632	1.16844	0.28093	-0.571283	0.382238
41	0.000976562	-0.187492	0.0957565	0.0713948	0.284511	-0.945251	-0.349197
42	0.000976562	1.06942	0.0201234	-0.251654	-0.138565	-0.188243	-0.453051
43	0.000976562	0.491686	0.348611	0.243334	0.673579	0.562737	-0.709353
44	0.000976562	0.150346	0.0775129	0.177662	0.381997	-0.599429	-0.075664
45	0.000976562	-2.66305	0.706242	2.2468	-1.17911	0.406549	1.03379
46	0.000976562	0.0370904	0.549405	0.294126	0.205285	0.00487768	0.427954
47	0.000976562	1.66072	0.647631	-1.32766	0.579998	0.472588	-0.535141
48	0.000976562	0.351181	0.239731	0.509849	-0.496342	0.0250436	0.727521
49	0.000976562	-0.256386	-0.268873	1.74587	-0.23262	-0.184842	0.578672
50	0.000976562	-0.586489	-0.952823	2.28695	-0.176531	-0.256103	0.93984
51	0.000976562	0.251402	0.0598636	0.0991135	0.497227	-0.167358	-0.0624477
52	0.000976562	0.162057	0.33029	0.249941	0.528498	0.532037	-0.560077
53	0.000976562	1.72761	-2.44849	-1.39088	0.944695	-1.10856	-0.674513
54	0.000976562	0.141509	0.260557	0.163659	0.426312	0.708432	1.8697
55	0.000976562	0.0300947	0.287141	0.190265	-0.317413	-0.195228	0.0855543
56	0.000976562	0.547016	2.07892	0.363161	0.0887764	0.767213	0.191201
57	0.000976562	0.241176	0.604883	-0.989419	0.0725621	0.167619	0.098382
58	0.000976562	0.0632971	0.229031	-0.0381387	1.09848	0.23862	0.667763
59	0.000976562	0.249414	0.324796	0.165114	0.186188	-1.75609	0.584147
60	0.000976562	0.366166	0.232387	0.0597493	0.305621	0.533186	0.38908
61	0.000976562	1.44994	-1.23257	-0.786146	0.483893	-0.464389	-0.148708
62	0.000976562	-1.57306	0.0442358	1.0899	-0.504843	0.242416	0.354787
63	0.000976562	0.184398	0.392661	0.168582	-0.108707	-0.143771	0.212137
64	0.000976562	0.401935	0.161679	0.164981	0.136556	0.0629722	-0.0079693
65	0.000976562	0.0335717	0.944482	0.228476	-0.664653	-0.0373018	0.23105
66	0.000976562	0.279228	0.0595174	-0.0503714	-0.342761	-0.295301	-0.416388
67	0.000976562	-0.133203	-0.282198	-0.544347	-0.569638	0.166014	0.102098
68	0.000976562	-0.349513	0.622153	-0.147568	0.367075	-0.211525	-0.0152791
69	0.000976562	-0.596519	-0.276777	0.949524	-0.296819	-0.0627995	0.0467651
70	0.000976562	0.197668	0.219489	0.189921	-0.979799	0.162816	0.144506
71	0.000976562	-0.415106	0.400225	0.302359	0.643431	-0.405517	0.0923433
72	0.000976562	0.247658	0.326803	0.243192	0.139694	0.678009	0.183741
73	0.000976562	0.0548864	0.128643	0.66664	0.145555	0.897084	-0.353877
74	0.000976562	0.146838	0.356815	0.252421	0.165956	-0.631071	0.77132
75	0.000976562	0.233597	-0.0271997	0.17677	0.609395	0.0661439	0.577642
76	0.000976562	-0.143179	1.88931	0.513076	-0.271975	0.661789	0.124396
77	0.000976562	0.125285	0.282138	0.229851	0.913915	-0.252178	0.599545
78	0.000976562	0.415443	-0.80423	-0.378714	-0.251748	-0.0672183	-0.308879
79	0.000976562	0.372841	-0.542076	0.359439	-0.317716	-0.0286368	-0.238536
80	0.000976562	0.648292	0.12314	1.00775	0.272862	-0.29927	-0.118055
81	0.000976562	0.27482	0.317233	0.292735	-0.612774	0.230706	-0.385208
82	0.000976562	0.182706	0.28586	0.13521	-0.862831	-0.595307	0.677221
83	0.000976562	0.121633	0.260392	0.202493	0.425793	-0.778034	-0.552091
84	0.000976562	0.194199	0.0815393	0.151224	-0.978678	-0.272306	0.482154
85	0.000976562	-2.21355	0.186098	-3.26095	-0.961153	0.0976336	-1.64916
86	0.000976562	0.340505	0.398044	0.0165059	1.05261	-0.354061	-0.414936
87	0.000976562	0.178686	0.210521	0.0919282	0.775931	0.12083	-0.461306
88	0.000976562	0.0312742	0.0743722	-0.0307638	0.823322	-0.353899	0.0574955
89	0.000976562	0.0947962	0.156934	0.200775	0.443111	-0.112753	0.117825
90	0.000976562	-0.253456	-0.296944	0.940972	-0.307428	0.0223245	0.00926499
91	0.000976562	0.386942	0.970125	0.864793	0.449037	-0.100768	0.144777
92	0.000976562	0.0884245	0.119242	0.0709175	0.151382	-0.585656	0.246058
93	0.000976562	0.444506	-0.0382685	0.167665	-0.541999	0.868799	-0.376197
94	0.000976562	1.90248	-1.43035	-2.76952	0.950773	-0.57697	-1.31637
95	0.000976562	-0.167928	0.0636579	0.245667	0.163173	-0.650581	0.00213175
96	0.000976562	0.334688	0.277732	-0.0445336	-0.360407	0.732907	0.503152
97	0.000976562	0.101531	0.0534895	0.195676	0.75123	-0.0765838	0.0988621
98	0.000976562	0.35446	-0.190309	-0.239433	0.265182	0.732742	0.50219
99	0.000976562	0.026532	0.254532	-0.0596115	0.834914	0.190995	-1.031
100	0.000976562	-0.27484	0.478832	-0.164666	0.168263	-0.497762	0.348888
101	0.000976562	0.192957	0.273885	0.033163	-0.22052	0.140317	0.631116
102	0.000976562	0.209542	0.523135	0.381795	-0.732008	0.074569	0.456762
103	0.000976562	0.177858	0.154896	-0.0255274	0.64217	-0.793664	0.196132
104	0.000976562	-1.84951	-0.656316	-3.63079	-0.857006	-0.313699	-1.82119
105	0.000976562	0.127226	0.31105	0.128326	0.245075	-0.333635	-0.705925
106	0.000976562	0.175079	0.279508	-0.00500565	-0.303622	-0.799401	0.0920959
107	0.000976562	0.453921	0.143124	0.302734	-0.496774	-0.0590868	0.333045
108	0.000976562	-0.240531	0.223528	0.172359	1.00459	-0.132325	0.536841
109	0.000976562	0.00969123	0.276238	-0.00257054	-0.359817	-0.195342	-0.26406
110	0.000976562	0.223114	0.384708	0.245738	0.295539	0.778139	-0.743582
111	0.000976562	0.354154	0.893699	0.585173	0.633419	-0.230785	-0.01222
112	0.000976562	0.229236	0.429644	0.0686633	-0.311983	-0.220382	-0.250915
113	0.000976562	0.268106	0.522496	0.210642	-0.0483766	-0.669639	0.161917
114	0.000976562	0.219165	0.132862	0.19451	-0.858866	-0.0468767	0.0342041
115	0.000976562	-0.0349921	0.255125	0.263215	0.459439	-0.114733	0.0725631
116	0.000976562	0.0537433	0.388321	-0.407885	-0.352527	-0.00418266	0.622188
117	0.000976562	-1.31433	-0.218631	0.815665	-0.417237	0.061087	0.177288
118	0.000976562	-0.0630195	-1.51206	-2.15001	0.196733	-0.646241	-0.817492
119	0.000976562	0.300099	0.318934	0.178973	-0.205872	1.7387	0.51529
120	0.000976562	0.184219	0.320003	0.0171233	-0.915528	0.150322	0.343397
121	0.000976562	-2.84271	0.304702	0.815401	-1.21373	0.0915728	0.395153
122	0.000976562	0.177877	0.14782	0.0440467	1.32156	-0.0646279	0.229231
123	0.000976562	-0.484843	-1.18985	-1.36436	-0.0960601	-0.558623	-0.408577
124	0.000976562	-0.126741	0.745655	0.59412	-0.355665	-0.383646	0.12581
125	0.000976562	0.106803	0.509737	0.376063	-0.719183	-0.0407924	-0.0717961
126	0.000976562	0.148374	0.317683	0.266488	0.47791	-0.311443	0.697847
127	0.000976562	0.330708	0.112783	0.24368	0.561623	-0.475061	-1.16972
128	0.000976562	1.08912	-0.903447	0.932959	0.216243	-0.369813	0.193916
129	0.000976562	-0.127485	1.94054	0.518776	-0.140464	0.542041	0.253571
130	0.000976562	-1.49024	1.77476	0.458357	-0.441164	0.667921	0.208561
131	0.000976562	0.343716	0.501788	-0.0331955	-0.304021	0.78301	-0.343778
132	0.000976562	0.396543	0.34583	0.0633819	0.112423	-0.757594	0.0394924
133	0.000976562	0.316151	0.43412	0.0155537	-0.396846	0.782405	-1.00547
134	0.000976562	0.278899	0.133391	-0.00548085	-0.0177165	-0.591912	0.494995
135	0.000976562	-0.548131	0.266131	1.67228	0.102186	0.301379	0.611713
136	0.000976562	0.0960117	0.137828	0.174002	-1.05044	-0.402843	0.550919
137	0.000976562	-0.0977436	-0.64249	-3.05669	0.0383559	-0.159895	-1.37067
138	0.000976562	-0.895396	-0.716562	1.57704	-0.0565676	-0.275853	0.676646
139	0.000976562	0.357198	0.261902	-0.00470167	-0.043656	0.498451	0.143388
140	0.000976562	0.0942801	0.434093	0.0822473	-0.0245841	1.62506	0.473995
141	0.000976562	0.103597	0.512372	0.334569	-0.436992	-0.0429564	-0.204887
142	0.000976562	-1.13621	-1.83285	3.17524	-0.519034	-0.823621	1.65744
143	0.000976562	0.923312	-2.71767	-1.84507	0.541613	-1.29917	-0.998403
144	0.000976562	0.225512	0.124797	0.164394	-0.507689	0.402266	0.396353
145	0.000976562	0.247702	0.317023	0.146516	0.904877	-0.183326	1.11919
146	0.000976562	0.275219	-0.235921	-0.114861	0.0551721	0.789208	0.516393
147	0.000976562	0.259174	0.358202	0.234683	0.0481799	0.763993	-0.802216
148	0.000976562	0.124709	0.367808	0.239472	1.02811	-0.387943	-0.342162
149	0.000976562	0.0875911	0.238566	0.208947	-0.925668	0.543118	0.8898
150	0.000976562	-0.187608	0.372585	0.930808	0.44434	-0.0661838	-0.143249
151	0.000976562	-0.107306	0.319472	-0.0219617	0.390686	-0.146289	-0.387077
152	0.000976562	-0.10345	-2.44374	-2.45367	-0.0242607	-1.15272	-1.38058
153	0.000976562	0.362699	0.153202	0.222678	-0.358678	1.61349	0.00570332
154	0.000976562	-0.68548	0.739655	-0.151435	-0.0508278	-0.137858	-0.0310514
155	0.000976562	0.204534	0.303456	0.210008	0.112146	0.346563	-1.31421
156	0.000976562	-1.87803	-0.253407	2.01469	-0.761775	0.0372865	0.830616
157	0.000976562	-0.0801987	-0.00995897	-0.239676	-0.159446	0.854951	0.0179376
158	0.000976562	1.32504	0.764376	2.44806	0.493398	0.381756	0.955369
159	0.000976562	-0.0429536	-0.45153	-0.506663	-0.407399	0.328133	-0.108647
160	0.000976562	1.32274	-1.00913	2.48195	0.601217	-0.374335	1.04197
161	0.000976562	-0.458372	1.20604	-0.109074	-0.0315176	-0.0250406	0.0479839
162	0.000976562	0.289354	0.101588	0.156087	0.202276	0.619937	0.0760003
163	0.000976562	-1.53402	1.84255	0.787672	-0.417415	0.87495	0.382355
164	0.000976562	0.0930507	-1.81411	3.11126	0.0360779	-0.79173	1.44319
165	0.000976562	0.273039	-0.205826	-0.144577	0.292706	0.845958	-0.00982932
166	0.000976562	-0.300663	0.191508	-0.108387	0.664568	-0.00532453	0.00212173
167	0.000976562	0.0309278	-0.41541	-1.82066	0.106303	-0.140599	-0.575062
168	0.000976562	-0.331666	-0.578015	-1.82612	0.0187508	-0.1699	-0.59179
169	0.000976562	0.472063	0.190508	0.224972	0.846861	0.00147734	-0.474144
170	0.000976562	0.236814	0.422964	0.299395	0.549812	-0.536636	-0.534254
171	0.000976562	2.78211	-0.848886	0.900175	1.21023	-0.284862	0.354082
172	0.000976562	0.319374	0.116936	0.19307	1.25636	-0.230524	-0.463941
173	0.000976562	0.84458	0.550791	-1.24143	-0.0241849	0.406476	-0.503162
174	0.000976562	-0.724086	0.22323	0.51995	0.355411	-0.0987837	0.0067948
175	0.000976562	0.118848	0.0523761	0.35825	-0.0533433	0.544205	0.618538
176	0.000976562	-1.93319	-0.0589857	2.33504	-0.887096	0.083674	0.921798
177	0.000976562	-1.48236	2.12915	1.0595	-0.593499	0.845039	0.363235
178	0.000976562	0.26087	0.40575	0.284951	-0.149235	0.142889	0.289967
179	0.000976562	-1.18608	0.276843	0.157101	-0.174997	-0.0272081	-0.0538436
180	0.000976562	-0.263179	0.353464	0.343704	0.795976	-0.258231	-0.0452484
181	0.000976562	-0.319841	1.4722	0.313514	-0.181958	0.225255	0.0152743
182	0.000976562	-2.48815	-1.08044	-1.70179	-1.04643	-0.523705	-0.812348
183	0.000976562	0.564715	-1.67592	-1.71286	0.362664	-0.677877	-0.712261
184	0.000976562	-1.02445	0.650966	-0.268372	-0.0868196	0.0681255	0.0510725
185	0.000976562	0.0948911	0.407123	0.172564	-0.633164	1.37138	-0.77579
186	0.000976562	0.283082	0.19786	0.193347	-0.256239	-0.218842	-0.753145
187	0.000976562	1.81144	-0.594624	0.905141	0.451846	-0.299371	0.505151
188	0.000976562	0.275214	0.127958	-0.0697385	-0.182347	-0.751901	-0.0502833
189	0.000976562	0.184175	0.595103	0.233481	0.261736	0.95073	0.585674
190	0.000976562	-0.460152	2.79729	2.56405	-0.173004	1.33687	1.17417
191	0.000976562	0.215376	-0.482438	-1.45741	-0.0632395	0.127873	-0.463918
192	0.000976562	0.011771	0.320715	0.044649	-0.186064	0.0395481	0.240411
193	0.000976562	0.241652	0.0924429	0.106423	0.492313	-0.604502	0.536121
194	0.000976562	-0.00777451	0.128114	0.276819	0.292506	0.510575	0.127788
195	0.000976562	0.293359	0.25718	0.406615	-0.866849	0.656746	0.655582
196	0.000976562	0.0831443	0.344389	0.0186794	-0.797459	-0.521635	0.580819
197	0.000976562	0.234153	0.473463	0.120023	0.2538	0.550844	-0.717634
198	0.000976562	0.0414394	0.171248	0.180118	-0.0862416	0.550067	0.732012
199	0.000976562	-1.70318	-1.12866	-1.55811	-0.608404	-0.544311	-0.663519
200	0.000976562	0.536448	-0.457237	0.336421	-0.129539	0.334283	-0.00392518
201	0.000976562	0.0283179	0.0853451	0.423944	0.167633	0.0260258	-0.205026
202	0.000976562	0.171215	0.372609	0.127862	0.0710211	1.08856	-0.767329
203	0.000976562	0.371591	-0.0776565	-0.245099	0.581796	0.421308	0.682153
204	0.000976562	-2.74126	-0.270977	1.84744	-1.18785	-0.0205054	0.833804
205	0.000976562	-3.82418	-0.587863	0.0836507	-1.81855	-0.240541	0.0706511
206	0.000976562	0.385803	0.211485	0.0375528	0.120759	0.296486	-0.535998
207	0.000976562	0.203055	0.254535	0.2821	-0.0990363	-0.365497	-0.308935
208	0.000976562	0.0700459	0.238813	0.469772	0.690219	-0.679709	0.416729
209	0.000976562	0.0288489	0.359716	0.163581	-0.521945	-0.105802	-0.0799589
210	0.000976562	0.271197	0.159861	-0.00703087	0.817892	-0.357231	0.629778
211	0.000976562	-2.0825	0.342265	1.43348	-0.88081	0.303892	0.492453
212	0.000976562	0.050322	0.52918	0.281478	-0.328644	1.1667	0.837767
213	0.000976562	0.259332	0.236686	0.306791	-1.16469	0.161327	0.143472
214	0.000976562	0.917949	-1.36324	-1.94828	0.368322	-0.452794	-0.794195
215	0.000976562	0.213944	0.10665	0.190341	-0.0735005	0.240544	0.338996
216	0.000976562	0.435975	0.92843	0.553336	0.427713	-0.220156	-0.29312
217	0.000976562	0.0812417	0.269692	0.21031	-0.615602	0.276588	-0.718525
218	0.000976562	0.328213	0.00028957	2.03053	-0.0394959	-0.084942	0.722077
219	0.000976562	-0.21112	-0.152103	-0.888998	0.353197	-0.153099	-0.0330824
220	0.000976562	0.0947097	0.578763	0.100035	0.287413	0.951206	0.228343
221	0.000976562	0.157398	0.285312	0.0289531	-0.838219	0.132915	0.208257
222	0.000976562	0.330806	0.454649	0.226928	-0.258266	-0.134952	-0.355173
223	0.000976562	0.119376	-0.779098	-0.844374	-0.103827	0.00795872	-0.0900432
224	0.000976562	0.289628	-2.76432	0.787814	0.198803	-1.5205	0.409104
225	0.000976562	0.27555	1.60624	0.313124	-0.0491924	0.273576	0.146909
226	0.000976562	1.36375	0.629287	-0.446969	0.158831	0.40548	-0.184989
227	0.000976562	0.973901	-0.464278	1.05536	-0.101049	-0.511953	0.477653
228	0.000976562	0.104781	0.0850256	0.0354347	-0.207056	-1.3464	-0.298696
229	0.000976562	0.446669	0.918233	0.524383	0.224121	-0.167032	-0.00687351
230	0.000976562	-2.40221	-2.57047	0.61986	-1.21678	-1.27493	0.315607
231	0.000976562	0.123601	0.083534	0.0328281	0.217602	0.457937	0.678416
232	0.000976562	-1.87119	-1.68786	2.74133	-0.82587	-0.76049	1.32442
233	0.000976562	0.780988	-2.7132	-2.05613	0.275613	-1.21732	-0.955189
234	0.000976562	0.091053	0.30722	0.0676234	-1.25606	0.469672	0.161954
235	0.000976562	-0.81162	0.164249	-2.06202	-0.2199	-0.124167	-0.783734
236	0.000976562	0.243607	0.300131	0.106885	-0.809449	-0.179533	0.947747
237	0.000976562	0.270628	-0.238718	-0.0734853	-0.066141	0.720477	0.609227
238	0.000976562	0.0157537	0.244315	1.85062	0.0459665	0.247705	0.459983
239	0.000976562	-1.41385	-0.287511	-3.07979	-0.631876	-0.0154141	-1.50376
240	0.000976562	0.275242	0.0590539	0.223271	-0.16266	-0.0691229	0.0271818
241	0.000976562	0.253736	0.408567	-0.0582945	0.97421	-0.561942	-0.271908
242	0.000976562	-1.32121	0.249871	-3.10115	-0.487064	0.100373	-1.42193
243	0.000976562	-0.7069	-0.614144	-2.38922	-0.198054	-0.379983	-0.893601
244	0.000976562	0.273791	0.326607	-0.034153	-0.345888	-0.917655	-0.200093
245	0.000976562	0.172589	0.623948	0.254528	0.362539	0.46132	-0.27884
246	0.000976562	0.185641	-0.136292	-0.904326	0.265411	0.265387	-0.0773188
247	0.000976562	0.307268	0.179004	0.306867	0.192797	0.529143	-0.881527
248	0.000976562	0.0160576	0.104046	0.0886958	1.1651	-0.64801	-0.53776
249	0.000976562	0.722465	0.686319	-0.831448	-0.102909	0.0467268	-0.343556
250	0.000976562	0.111571	0.430597	0.269481	0.46915	-0.6595	-0.480344
251	0.000976562	0.612557	-1.61743	-2.44736	0.336022	-0.56978	-1.07359
252	0.000976562	0.115342	0.136854	0.453711	-0.00761743	0.417959	0.745187
253	0.000976562	-1.20253	-0.262794	3.07345	-0.534941	-0.0350754	1.50818
254	0.000976562	0.134335	0.254101	-0.0111754	0.865587	0.173262	-1.17523
255	0.000976562	0.58319	-2.07633	-3.22549	0.325892	-0.898387	-1.61708
256	0.000976562	0.0511793	0.349756	0.0777347	-0.608426	0.299978	0.866009
257	0.000976562	0.317839	0.277918	0.419909	-0.0267269	-0.868074	0.602897
258	0.000976562	2.06324	0.116398	-0.186885	0.696388	0.123862	0.147029
259	0.000976562	-1.20145	-1.90751	2.84689	-0.65382	-0.867092	1.34831
260	0.000976562	-2.50379	0.320681	1.79742	-1.05249	0.36876	0.805392
261	0.000976562	0.121274	0.497501	0.406865	-0.647506	0.257029	0.365105
262	0.000976562	-0.00788875	0.31325	0.282766	-0.0161855	-0.409713	1.57222
263	0.000976562	0.106647	0.283704	0.0616628	0.572904	0.140207	-0.489256
264	0.000976562	0.133386	0.415183	-0.0467563	0.758756	0.194021	0.346283
265	0.000976562	0.202578	0.176318	0.247149	0.267027	-0.418693	-1.049
266	0.000976562	0.00121192	0.284433	0.375863	0.137155	-0.404151	0.890186
267	0.000976562	0.430921	0.0965901	0.115502	0.148215	1.15906	-0.714388
268	0.000976562	0.155034	0.391053	0.108962	0.705117	-0.566597	-0.666585
269	0.000976562	0.101337	0.312989	0.131984	-0.201199	0.53581	0.342429
270	0.000976562	0.213009	0.1183	0.166529	0.504599	-0.730389	-0.365678
271	0.000976562	0.261332	-1.16907	0.547087	-0.134982	-0.407478	0.0110239
272	0.000976562	-2.71249	0.394185	1.32551	-1.34984	0.421227	0.647176
273	0.000976562	-0.36046	1.28779	0.188129	-0.264864	0.0488993	-0.0170771
274	0.000976562	0.128046	0.391157	0.149313	0.247269	0.0466807	-0.717412
275	0.000976562	1.37493	-0.285277	0.318745	0.155025	0.213625	0.04629
276	0.000976562	0.236465	0.078351	0.0213859	-1.23775	0.128718	-0.14898
277	0.000976562	0.0504879	0.293854	0.132095	-0.92482	0.0331321	-0.492379
278	0.000976562	0.903616	-0.972302	-0.533473	0.0639625	-0.461786	-0.251032
279	0.000976562	-2.68387	0.944501	-0.33967	-1.0774	0.552339	-0.109648
280	0.000976562	-0.108705	0.035203	0.545295	0.275478	0.259748	-0.714015
281	0.000976562	-0.103531	-0.400084	-2.53071	-0.0683212	-0.0636807	-0.936837
282	0.000976562	-1.38987	1.39355	0.703455	-0.296681	0.722271	0.166851
283	0.000976562	0.0817904	0.539341	0.215901	-0.985793	0.45217	0.716416
284	0.000976562	0.0913153	0.944193	0.68532	0.656502	0.06347	-0.0754608
285	0.000976562	-2.28812	1.45952	2.07506	-1.11013	0.760126	0.899062
286	0.000976562	-0.672573	2.59091	0.868415	-0.314486	0.986849	0.494667
287	0.000976562	-0.0485265	0.472984	0.213016	-0.811895	0.377944	0.47478
288	0.000976562	0.0748734	0.211836	0.155658	-0.067922	0.401093	-0.328708
289	0.000976562	-0.707724	-1.11107	-1.13495	-0.0196932	-0.464332	-0.353371
290	0.000976562	0.546098	-0.37416	0.917575	-0.424408	-0.123319	0.185643
291	0.000976562	-1.05137	-0.667583	-2.8972	-0.298065	-0.346748	-1.34304
292	0.000976562	-0.234062	0.387038	-0.173514	0.206481	-0.245642	0.684502
293	0.000976562	0.143973	0.261436	0.231168	-0.622904	-0.0493592	-0.97231
294	0.000976562	-0.438381	-0.582332	-1.04069	-0.170569	-0.0866175	-0.23181
295	0.000976562	1.45158	0.330324	-0.0341434	0.13703	0.395082	0.0782457
296	0.000976562	0.155981	0.304302	-0.0872312	0.438471	0.319419	-1.18031
297	0.000976562	-0.945358	-1.26303	-2.85086	-0.339364	-0.705285	-1.23135
298	0.000976562	0.131549	0.335581	0.202416	0.513942	0.862762	1.29286
299	0.000976562	0.0295892	0.435637	0.283317	-0.301821	-0.278085	1.01874
300	0.000976562	1.41369	-1.5549	-2.02088	0.671349	-0.54692	-0.889061
301	0.000976562	0.264072	0.374795	0.294464	0.199817	0.0119451	0.882321
302	0.000976562	0.1247	-2.40092	-2.4761	0.162553	-1.17377	-1.35966
303	0.000976562	-0.322679	-0.325285	-0.539191	-0.0648427	0.31225	0.0500141
304	0.000976562	0.405437	0.514026	0.350845	0.408895	0.363818	0.100082
305	0.000976562	0.0248965	0.273362	0.276994	0.0692983	0.393531	-0.191402
306	0.000976562	-0.630483	-0.765082	0.786208	0.170595	-0.192599	0.269742
307	0.000976562	-1.97376	-0.81092	-2.5351	-0.883261	-0.310225	-1.32514
308	0.000976562	0.192874	0.232405	0.337785	0.398516	0.239525	0.287256
309	0.000976562	0.360616	0.18706	-0.306616	-0.162348	0.322093	0.718876
310	0.000976562	-1.82344	-2.56145	2.19602	-0.852661	-1.15807	1.06842
311	0.000976562	-1.00355	1.09185	1.16236	-0.109733	0.506061	0.265984
312	0.000976562	0.101331	0.124667	0.502993	-0.0419635	0.454327	-1.00821
313	0.000976562	-1.70756	1.89646	0.29217	-0.535845	0.863634	0.200914
314	0.000976562	-0.14093	-0.159577	-2.20473	0.113869	-0.131045	-0.748721
315	0.000976562	0.132005	1.66935	-0.35473	-0.234887	0.482663	-0.111955
316	0.000976562	0.389992	-0.316699	0.650395	-0.132982	0.317115	-0.222538
317	0.000976562	0.0868212	0.180763	0.158813	0.093418	0.177587	-1.03337
318	0.000976562	0.00941142	-0.307919	-0.350352	-0.304003	0.30207	0.224982
319	0.000976562	0.28836	0.285472	0.376115	1.31383	-0.184897	0.511836
320	0.000976562	0.160752	0.175496	0.0286174	1.30586	-0.203384	0.183298
321	0.000976562	-0.520485	1.36995	2.088	-0.0420952	0.464672	0.957971
322	0.000976562	-1.80298	-2.59883	-1.61724	-0.905841	-1.31429	-0.872624
323	0.000976562	0.446083	-3.48205	0.527713	0.268231	-1.69938	0.250164
324	0.000976562	0.474521	-0.596515	0.811943	0.0679367	0.073494	0.128814
325	0.000976562	0.0101057	-1.45028	-1.94323	-0.00583703	-0.574873	-0.751645
326	0.000976562	0.474656	-0.697097	0.9637	-0.303911	-0.413255	0.194636
327	0.000976562	0.20205	0.29607	0.0422011	1.08153	-0.706507	0.156259
328	0.000976562	0.214929	0.0750121	0.244953	0.158315	0.703021	-0.159633
329	0.000976562	0.201097	0.0861216	0.00963949	-0.24245	0.836304	1.4002
330	0.000976562	0.58841	-0.426053	0.00477025	-0.172422	0.376155	0.362936
331	0.000976562	0.411376	-0.00776001	0.0175468	0.207227	-0.500617	0.337826
332	0.000976562	0.123944	-0.0732733	-1.77341	0.0840795	-0.104208	-0.351265
333	0.000976562	0.0609122	0.388653	0.160937	0.394163	0.771105	0.337497
334	0.000976562	0.0920639	0.0435567	0.163172	-0.124763	-0.0798076	0.452699
335	0.000976562	0.313065	0.187588	0.109615	0.518767	-0.236028	-1.0265
336	0.000976562	0.566645	-0.879756	1.75687	0.150521	-0.399466	0.538191
337	0.000976562	0.051934	-0.0960749	0.442603	-0.480799	0.171492	-0.793525
338	0.000976562	0.201798	-0.066938	-0.204358	-0.00152502	0.54399	0.961733
339	0.000976562	0.308515	0.485615	0.108433	0.741713	-0.52888	-0.742122
340	0.000976562	0.22718	-0.804362	1.35169	0.0281678	-0.0996909	0.332792
341	0.000976562	0.125319	-0.141437	-0.167949	-0.447127	0.441628	0.426809
342	0.000976562	0.0872967	0.349149	0.360776	-0.076214	-0.928586	0.857789
343	0.000976562	0.241745	0.312246	0.0164049	-0.0327949	-0.222866	-0.441965
344	0.000976562	0.348644	0.283199	0.0927613	0.81344	1.07394	0.0467806
345	0.000976562	0.276317	0.190656	0.320241	-0.499215	-1.15469	0.936918
346	0.000976562	0.558475	-0.236074	-1.7424	0.262102	-0.22995	-0.465962
347	0.000976562	0.444612	0.16023	0.207778	1.0621	0.137161	-0.0209592
348	0.000976562	-0.310462	0.349919	0.268199	0.367086	-0.591429	0.0510986
349	0.000976562	-1.97159	-0.446933	-1.97507	-0.816729	-0.330656	-0.834297
350	0.000976562	0.0639891	0.444795	0.0709206	-0.212956	-0.216246	0.743096
351	0.000976562	-1.50466	-1.05815	2.15961	-0.824093	-0.402102	1.22017
352	0.000976562	0.055242	-0.0343922	0.341303	-0.486307	-0.0722191	0.892444
353	0.000976562	0.10313	0.0424324	0.153892	-0.000745943	-0.0196529	0.724144
354	0.000976562	0.139315	0.168876	0.246143	0.47026	1.00669	0.65163
355	0.000976562	-1.57461	-0.83884	-2.01199	-0.696351	-0.450553	-0.893495
356	0.000976562	0.116152	0.324143	0.208974	0.333648	-0.972261	-0.612409
357	0.000976562	0.101741	-0.600907	1.93453	0.214153	-0.00984329	0.809287
358	0.000976562	0.020599	-0.121792	0.710137	-0.445426	0.353954	-0.231764
359	0.000976562	0.195609	0.250023	0.143664	0.508377	1.21066	0.0379615
360	0.000976562	0.429478	0.22126	0.0145728	0.232273	0.263097	0.00370877
361	0.000976562	0.387058	0.38817	0.2564	0.56431	-0.792675	-0.12284
362	0.000976562	0.461039	0.262846	0.0716289	0.404911	-0.99314	-0.143649
363	0.000976562	2.04017	-2.48146	-2.3689	0.984044	-1.19944	-1.24541
364	0.000976562	-0.129732	0.397282	0.17712	0.657198	-0.543574	-0.906556
365	0.000976562	0.141202	-0.099819	0.351714	-0.351967	-0.56689	0.0351483
366	0.000976562	0.064249	0.314892	0.274776	-0.641737	-0.26986	-0.130512
367	0.000976562	-0.392269	0.375687	-0.0215758	0.415757	-0.290006	0.439387
368	0.000976562	0.270479	0.049884	0.0397537	0.0569376	-0.0236935	-0.0429744
369	0.000976562	0.287054	0.302987	0.294	0.266554	-0.563377	0.0527339
370	0.000976562	-0.172563	0.462582	-1.25856	-0.103183	0.348971	-0.203232
371	0.000976562	0.758023	0.0522257	-2.61687	0.421957	0.0027039	-1.0109
372	0.000976562	0.237439	0.30816	0.272396	0.689534	0.910237	-0.506761
373	0.000976562	0.334028	0.20917	0.287613	0.310136	0.355229	-0.906235
374	0.000976562	0.122632	-0.394503	-2.83451	0.00503932	-0.0508527	-1.22342
375	0.000976562	0.135534	0.356372	0.295244	-0.646074	0.896454	0.504398
376	0.000976562	0.182411	0.233639	0.0960148	-0.239484	-0.378589	0.0789032
377	0.000976562	0.127066	0.388683	0.338158	0.434658	-0.106676	0.279717
378	0.000976562	-0.198411	-0.222763	0.871016	0.0291114	0.0575682	-0.212589
379	0.000976562	0.109377	0.456655	0.421252	-0.212373	-0.134037	1.05675
380	0.000976562	-0.388716	-0.967046	-1.30149	0.00503259	-0.320952	-0.295351
381	0.000976562	0.852919	0.0305068	-0.34581	-0.390008	-0.109785	-0.203634
382	0.000976562	0.0593289	0.291451	0.403223	0.213232	-0.321589	0.669625
383	0.000976562	0.0744226	0.233718	0.174345	-0.850662	0.0385372	0.194682
384	0.000976562	0.572916	-1.01181	1.03263	0.0564971	-0.357846	0.224152
385	0.000976562	-0.0259157	0.118906	0.0523066	0.286996	1.00158	-0.699364
386	0.000976562	0.0230297	0.192211	-0.0232065	-0.0481394	0.170422	0.0329675
387	0.000976562	-0.44446	-0.326901	1.25407	0.310179	-0.105783	0.400383
388	0.000976562	-0.96253	-1.0585	-0.926573	-0.307931	-0.372249	-0.239522
389	0.000976562	0.233543	0.315808	0.171027	-0.400256	0.893881	1.74961
390	0.000976562	-0.281353	0.974484	0.88541	0.16927	0.327922	-0.177559
391	0.000976562	-0.155006	0.212879	-0.711588	0.565061	0.110111	-0.0456538
392	0.000976562	0.192171	0.212818	0.551441	0.639722	-0.307272	0.103138
393	0.000976562	0.16445	0.331952	0.502331	-0.359994	0.460356	-0.0358037
394	0.000976562	0.389704	0.257987	0.141938	0.987302	1.2581	-0.0672082
395	0.000976562	-0.132283	-0.831531	-0.872208	-0.157388	-0.348019	0.00188373
396	0.000976562	-0.426736	-0.447168	1.22299	0.273796	-0.0417521	0.493807
397	0.000976562	0.437186	0.919906	0.527436	0.348008	-0.161113	-0.216176
398	0.000976562	0.361502	0.0153151	0.267048	0.193098	1.13317	-0.672935
399	0.000976562	0.254106	0.350724	0.0691814	0.493053	0.00436105	-1.2486
400	0.000976562	0.295797	-0.768234	-1.32235	0.282568	-0.203258	-0.315091
401	0.000976562	1.39329	-1.23497	3.27091	0.641482	-0.584199	1.5025
402	0.000976562	-2.83759	-0.865194	0.728389	-1.28717	-0.594307	0.47487
403	0.000976562	0.401022	0.0912922	0.154269	-0.792718	0.686644	0.926376
404	0.000976562	-0.408001	-1.9009	1.95603	-0.210758	-0.758876	0.823314
405	0.000976562	1.22244	-0.867881	-0.717542	0.369506	-0.122774	-0.082612
406	0.000976562	0.0876281	0.307375	0.127241	-0.375718	-0.821661	-0.537496
407	0.000976562	0.164212	0.0665913	0.0294965	-1.11143	0.860809	-0.501328
408	0.000976562	0.181547	0.32038	0.164743	-0.123234	-0.741517	1.86983
409	0.000976562	-1.85874	-0.67565	1.15719	-0.676726	-0.0879037	0.475232
410	0.000976562	-2.05171	0.434902	1.56975	-0.768276	0.271216	0.583317
411	0.000976562	0.346692	-0.966717	0.264938	0.314534	-0.00263903	0.311087
412	0.000976562	0.264289	0.563653	0.0721646	0.162914	-1.09104	-0.11772
413	0.000976562	-0.0180179	-1.11033	-1.54194	0.049543	-0.366679	-0.497019
414	0.000976562	0.316339	0.00673551	1.51785	0.288713	0.22365	0.29684
415	0.000976562	-0.316761	-0.331656	-0.53606	-0.0651446	0.223117	0.0668695
416	0.000976562	0.0139419	0.182376	-0.0392654	-0.141378	0.467476	-0.234193
417	0.000976562	0.113813	0.142291	-1.3604	0.219395	0.0273208	-0.152098
418	0.000976562	0.34206	0.195419	0.0853903	0.799038	-0.441954	0.708238
419	0.000976562	0.238647	0.333892	-0.0141245	-0.958128	-0.262145	-0.143339
420	0.000976562	0.193721	-1.34665	-2.05816	0.266218	-0.505599	-0.967262
421	0.000976562	0.133275	0.329502	0.262148	-1.74676	-0.334722	0.298308
422	0.000976562	0.171913	0.294678	0.195162	-0.587587	0.00637531	-0.819172
423	0.000976562	-0.0339102	0.226461	0.206916	1.43129	-0.484687	-0.0115737
424	0.000976562	1.11928	1.00623	1.18445	0.113044	0.205784	0.488332
425	0.000976562	0.400049	0.207982	0.0840502	0.569974	-0.0687535	0.501228
426	0.000976562	0.156367	0.37963	0.189055	-0.671778	-0.176984	1.006
427	0.000976562	0.125808	-0.798515	0.318271	0.0181411	0.167195	-0.032097
428	0.000976562	-0.00386449	-0.362072	-0.359867	-0.215658	0.292843	0.135008
429	0.000976562	0.534561	-2.56427	-2.31	0.322044	-1.09906	-1.12939
430	0.000976562	0.175537	-0.00297627	-0.0211083	-0.359598	-0.0185986	0.123822
431	0.000976562	0.0757914	0.0395435	0.317599	0.0539974	0.724898	0.177593
432	0.000976562	0.20773	0.340175	0.0110687	-0.25558	0.0737036	-0.759559
433	0.000976562	0.0588034	0.603981	0.196717	0.389555	0.337881	-0.32928
434	0.000976562	0.204449	0.132339	0.0378668	-0.38826	-0.668515	-1.2871
435	0.000976562	-0.608297	0.681574	0.196286	-0.0797528	-0.442411	0.124344
436	0.000976562	-0.380293	-1.83057	-2.93798	-0.0780162	-0.854562	-1.32867
437	0.000976562	0.340313	-0.147965	0.345482	-0.227205	0.601997	-0.650721
438	0.000976562	0.178243	0.238386	0.384436	0.273783	0.908504	-0.0272472
439	0.000976562	-0.0532768	0.415683	-0.0494247	-0.263907	0.676723	-0.236063
440	0.000976562	0.507219	-0.390294	0.277017	-0.269696	0.209843	-0.268972
441	0.000976562	0.275115	0.175694	-0.0291015	0.349026	0.609436	-0.660296
442	0.000976562	0.360557	0.303241	0.491208	0.464646	0.252131	0.83276
443	0.000976562	0.439407	-0.108147	0.189679	-0.598229	0.0914132	-0.793348
444	0.000976562	0.166378	0.127833	0.605001	0.778032	0.489546	-0.527796
445	0.000976562	0.214881	0.244574	0.242611	-1.44754	0.37133	0.281704
446	0.000976562	-0.226538	-1.05668	-1.6017	-0.00542518	-0.463956	-0.440011
447	0.000976562	0.0920898	0.119301	0.186173	-0.359802	0.713353	0.52776
448	0.000976562	-0.100753	-2.82151	-0.119602	-0.0277087	-1.58483	-0.110777
449	0.000976562	0.328792	0.50575	0.359601	0.629217	0.619158	-0.619788
450	0.000976562	-0.0222178	0.367562	0.293265	-0.535909	0.244321	-1.24837
451	0.000976562	0.0493258	0.467503	0.275298	0.233768	-0.554421	-0.536826
452	0.000976562	0.101573	0.0633108	0.014922	0.502	1.16453	0.742324
453	0.000976562	0.522885	-0.109606	-1.93263	-0.0496373	0.115766	-0.680076
454	0.000976562	0.133166	0.30526	0.315644	0.825571	0.249577	0.845401
455	0.000976562	-0.311994	0.0354629	1.53037	0.223019	-0.101701	0.391378
456	0.000976562	-0.218187	2.52762	-2.21605	-0.106097	1.12257	-0.976093
457	0.000976562	0.59768	-0.576049	0.638795	-0.0730364	0.216587	-0.00599684
458	0.000976562	-1.47301	-0.00520887	2.11097	-0.550214	-0.121162	0.803942
459	0.000976562	-0.0452988	-1.37902	1.70684	0.0904597	-0.382398	0.697014
460	0.000976562	0.341953	0.475736	0.152175	-0.242545	0.201198	-0.110825
461	0.000976562	0.278533	0.16229	0.181656	1.48977	-0.48759	0.694483
462	0.000976562	-0.124445	0.227965	0.202885	1.22023	-0.017851	0.621096
463	0.000976562	-0.672023	1.5107	-0.205211	-0.169744	0.333041	0.0374047
464	0.000976562	0.171025	0.414435	0.282381	-1.15057	0.225848	0.0888496
465	0.000976562	0.0925364	0.156808	0.359473	0.87826	0.227201	-0.0915285
466	0.000976562	0.55461	0.837416	-0.792997	-0.106634	0.483968	-0.0247596
467	0.000976562	-1.12798	0.763477	-0.644506	-0.100707	0.318142	-0.161921
468	0.000976562	0.329205	0.0995176	-0.573575	0.140312	-0.103512	0.516221
469	0.000976562	0.138365	0.0745844	0.114761	0.0113944	-0.630171	-0.537379
470	0.000976562	-0.192496	0.225456	0.265662	0.76629	-0.87534	0.0236848
471	0.000976562	-0.0378349	-0.0777073	-0.387095	0.670135	0.313327	0.102632
472	0.000976562	0.0612459	0.412675	0.18242	0.271236	0.00168692	-0.723116
473	0.000976562	-0.0593804	0.359076	0.310616	0.967384	-0.399231	0.658668
474	0.000976562	0.279433	0.265577	0.13043	0.870732	1.10848	-0.12456
475	0.000976562	-2.19517	-0.405977	1.684	-1.15173	0.0229476	0.836794
476	0.000976562	0.24753	0.189044	0.360833	0.355323	-0.882617	0.254063
477	0.000976562	0.324636	-0.227182	-2.25525	0.0471323	0.147097	-1.11536
478	0.000976562	0.305605	0.173427	0.198658	-0.0136627	1.26457	-0.352441
479	0.000976562	0.458813	-0.836374	-2.04765	0.41067	-0.338813	-0.760179
480	0.000976562	0.916993	-1.0459	0.687966	0.142955	-0.25848	0.0742499
481	0.000976562	0.044972	-1.59375	-1.79953	0.147774	-0.671717	-0.65043
482	0.000976562	0.0802631	0.290382	0.280198	0.151571	0.600356	-0.0668235
483	0.000976562	0.241918	0.216367	0.263472	0.645343	-0.149426	0.441366
484	0.000976562	-0.250934	0.351935	0.257347	0.760816	-0.536973	0.250332
485	0.000976562	-2.70841	-0.732555	-2.59369	-1.2711	-0.473906	-1.28699
486	0.000976562	0.262017	0.359842	0.0733283	-0.38536	1.21984	-0.00659917
487	0.000976562	0.163295	0.331044	0.17099	0.115659	0.519732	0.508661
488	0.000976562	0.431769	0.178094	0.114492	0.600765	0.110438	-0.436039
489	0.000976562	0.469387	0.371255	0.00222113	0.547461	0.464159	-0.578154
490	0.000976562	-0.0119167	2.16383	-0.111725	-0.102552	0.725122	-0.0111066
491	0.000976562	0.261129	0.285327	0.0964593	-0.250658	-0.67042	0.653878
492	0.000976562	0.120393	-0.0397336	-0.0482241	-0.137125	-0.00587903	0.329257
493	0.000976562	0.147874	0.046087	0.0219308	0.524817	0.285569	-0.962087
494	0.000976562	-0.056104	-0.598553	-0.517786	-0.207662	-0.106962	0.210595
495	0.000976562	-2.57826	0.368104	1.84666	-1.25199	0.310253	0.803148
496	0.000976562	0.404231	0.47668	0.268514	-0.378605	-0.0410848	-1.1442
497	0.000976562	0.875797	-0.37079	-2.51337	0.283243	-0.0183051	-1.07359
498	0.000976562	0.282271	0.285026	0.0308534	0.495957	0.495033	-0.989232
499	0.000976562	-0.0253776	0.117572	0.133919	-0.15674	-1.13128	0.591565
500	0.000976562	-0.565284	-1.55646	-1.47054	-0.0870491	-0.581293	-0.512549
501	0.000976562	0.264595	0.210511	0.00166481	0.123543	-0.206913	-0.10223
502	0.000976562	0.285835	0.131264	0.160124	-0.626756	0.22012	0.375451
503	0.000976562	0.240452	0.233745	0.0247557	0.57408	-1.06878	0.540731
504	0.000976562	0.230235	0.394474	0.0288296	-0.563091	1.32568	-0.540237
505	0.000976562	0.109637	0.231295	0.204597	-0.348859	-0.655416	0.446587
506	0.000976562	0.293148	-0.444954	-1.4311	-0.0125124	0.167586	-0.401989
507	0.000976562	0.715263	-1.31458	3.02448	0.362768	-0.564248	1.34496
508	0.000976562	-0.10386	-0.26077	0.0334609	0.0608537	0.502571	-0.387509
509	0.000976562	0.12599	0.371591	0.182031	-0.0737242	-0.371634	0.759399
510	0.000976562	0.294816	0.319822	0.113627	0.398364	-0.0989549	-0.410217
511	0.000976562	-1.4647	-0.261351	1.1021	-0.364008	-0.0260731	0.346722
512	0.000976562	0.250739	0.222689	0.395071	0.0899011	-0.328543	-0.528457
513	0.000976562	-0.88998	0.952431	2.29084	-0.208701	0.322918	1.03593
514	0.000976562	0.0317898	0.259411	0.143532	-0.693866	0.887362	-0.463591
515	0.000976562	0.342648	0.364739	0.458592	0.369862	0.85073	0.461644
516	0.000976562	0.187067	-1.26624	-2.14204	0.081289	-0.590391	-0.732791
517	0.000976562	0.340882	-0.993802	0.465036	-0.00781498	-0.106376	0.0247807
518	0.000976562	-0.587821	-1.58316	-1.49109	-0.236902	-0.579964	-0.581401
519	0.000976562	1.23674	-0.746783	1.12409	0.34709	-0.319297	0.293803
520	0.000976562	0.282438	0.40292	0.569748	0.145852	0.350126	0.346519
521	0.000976562	-2.32023	-2.82853	0.0440296	-1.15696	-1.34262	0.00413256
522	0.000976562	-1.15586	-2.25787	-2.48048	-0.499305	-1.14725	-1.4113
523	0.000976562	-2.13068	1.23185	-0.539537	-0.770096	0.590682	-0.202241
524	0.000976562	1.45759	-1.14245	-1.52554	0.482355	-0.49204	-0.548213
525	0.000976562	-1.23565	1.78806	-3.5535	-0.606131	0.848957	-1.78866
526	0.000976562	-2.85267	0.57799	1.37009	-1.3152	0.473543	0.637091
527	0.000976562	-1.84643	1.80223	-0.496708	-0.721005	0.84045	-0.319869
528	0.000976562	0.0237005	0.0925569	0.400608	0.525861	0.174343	0.704114
529	0.000976562	0.126909	0.0757532	-1.33908	0.228127	-0.0750726	-0.182901
530	0.000976562	-1.72414	1.69186	-0.68975	-0.601132	0.784659	-0.38325
531	0.000976562	0.209088	0.438351	0.324485	0.527236	1.2302	0.486494
532	0.000976562	0.24152	-1.14802	-2.06316	0.0159394	-0.236155	-0.873732
533	0.000976562	0.177114	0.300349	0.15158	0.132505	-1.2114	-0.220789
534	0.000976562	-0.717455	-0.339387	1.05661	-0.0854023	0.156688	0.119819
535	0.000976562	0.48538	-0.597368	0.654463	-0.495196	-0.289522	0.107323
536	0.000976562	0.26258	0.28301	0.287405	-0.436027	0.0713003	-0.683518
537	0.000976562	-0.401558	1.06975	1.39585	0.221239	0.404974	0.384513
538	0.000976562	-0.537876	-0.969547	-3.42009	-0.237654	-0.263612	-1.64306
539	0.000976562	0.171219	0.608956	0.114444	0.0168838	0.484289	-0.566339
540	0.000976562	-0.152967	0.303272	0.145276	1.03946	-0.25655	-0.532115
541	0.000976562	0.263827	0.382237	0.250177	-0.383915	0.29717	-0.311615
542	0.000976562	-0.755044	-2.01553	3.0942	-0.400114	-0.923995	1.46501
543	0.000976562	0.683965	1.10203	1.67387	0.0857948	0.378349	0.664102
544	0.000976562	-0.0879058	-1.27289	-2.31748	0.044334	-0.475933	-0.925041
545	0.000976562	0.233215	0.25649	0.307034	-1.10221	0.911106	0.229112
546	0.000976562	0.0302417	0.45908	0.0991602	0.269092	-0.512598	-0.138298
547	0.000976562	0.464096	0.291259	-0.0271652	0.365221	0.678122	-0.34925
548	0.000976562	0.24394	0.298185	0.127439	-0.373685	-0.347462	0.644023
549	0.000976562	0.2558	-0.943122	-1.71299	0.112573	-0.458815	-0.489754
550	0.000976562	0.303462	0.10783	0.153943	0.642494	-0.344884	0.25041
551	0.000976562	0.80269	-0.845385	0.633293	0.146508	0.0193477	0.192233
552	0.000976562	0.0946138	0.113178	0.340884	0.894285	-0.115913	-0.920485
553	0.000976562	-2.71403	-1.56762	0.350799	-1.45061	-0.700067	0.19681
554	0.000976562	0.196887	-0.0582764	-0.226417	-0.638603	0.392027	0.401535
555	0.000976562	0.274577	0.0408729	0.0757326	-1.09769	0.204132	-0.891511
556	0.000976562	1.12153	-0.920738	0.593715	0.110717	-0.162795	0.149162
557	0.000976562	-1.30685	-1.62827	3.27747	-0.625421	-0.795281	1.67763
558	0.000976562	1.0395	-1.61788	3.00761	0.608218	-0.804879	1.55
559	0.000976562	-0.280644	1.20698	-0.524186	-0.257791	0.205095	0.0112971
560	0.000976562	0.798088	1.05	0.105852	-0.291727	0.443329	0.102295
561	0.000976562	0.586872	0.372923	-1.7179	0.0482885	0.360623	-0.521937
562	0.000976562	0.601809	-0.408506	1.21571	0.0390143	-0.274555	0.294618
563	0.000976562	0.251072	0.365457	0.210855	-0.741334	0.329683	-0.515803
564	0.000976562	0.185971	0.311156	0.0816446	1.73532	0.221819	0.402432
565	0.000976562	0.0912429	0.40484	0.162445	-0.941768	0.139761	0.604399
566	0.000976562	0.215653	0.366906	0.194065	0.430908	-0.442647	0.78758
567	0.000976562	-0.492409	0.235577	1.46331	-0.193766	0.0170106	0.302736
568	0.000976562	0.123836	0.295344	0.301737	0.666739	-0.0269355	1.71677
569	0.000976562	0.447466	0.0277917	0.561534	-0.00651219	0.256277	-0.76978
570	0.000976562	-2.84761	-1.88485	-1.72582	-1.41193	-0.907624	-0.936305
571	0.000976562	0.655739	-0.0342816	2.5648	0.271607	0.0870453	0.98036
572	0.000976562	0.516032	0.517768	-0.423774	-0.386323	0.324997	0.401994
573	0.000976562	0.265743	0.0962412	0.212047	0.205232	-0.207715	-0.52103
574	0.000976562	-0.19334	-0.512421	-0.256088	0.0157999	0.0813797	0.298212
575	0.000976562	-0.872113	0.232691	0.813668	0.0409674	0.119552	0.00493651
576	0.000976562	0.111558	0.191585	0.11785	-1.10109	1.25632	0.90107
577	0.000976562	-0.682851	-0.878273	-3.413	-0.235362	-0.265028	-1.69709
578	0.000976562	-0.00393583	0.348041	-0.0894993	0.765166	-0.648787	-0.540115
579	0.000976562	0.445139	0.355885	0.346404	0.390176	-0.0973072	-0.251601
580	0.000976562	-1.4684	0.468507	-2.9288	-0.586181	0.17396	-1.40424
581	0.000976562	0.900845	-1.98729	2.46029	0.487832	-0.987387	1.35713
582	0.000976562	0.231966	0.285679	0.471699	0.637859	-0.0222428	-0.349924
583	0.000976562	0.108933	0.454587	0.233953	-0.110788	-0.120067	-0.332218
584	0.000976562	0.337909	0.328956	-0.0261961	-0.0239787	0.504209	0.0553252
585	0.000976562	-1.05191	-0.692985	0.530736	-0.047324	-0.19198	0.26019
586	0.000976562	0.457745	0.344013	0.054658	0.791025	0.518139	-0.863396
587	0.000976562	-0.155357	-0.686045	-1.82835	0.234054	-0.226158	-0.68523
588	0.000976562	0.728001	0.0294862	2.29713	0.176608	-0.0890736	1.06174
589	0.000976562	0.275874	0.179294	0.216884	-0.034792	0.896607	0.644862
590	0.000976562	1.97719	-2.07263	-2.76868	0.911012	-0.995752	-1.36401
591	0.000976562	0.106236	-0.0967668	0.360875	-0.535206	-0.125952	0.170479
592	0.000976562	0.253896	0.223381	0.233209	0.0597321	0.561647	1.90142
593	0.000976562	0.723247	0.656051	-1.0367	0.0131388	0.427848	-0.119438
594	0.000976562	0.0124967	0.380131	0.200824	0.919463	-0.340434	1.45026
595	0.000976562	-0.327445	0.78426	-0.723181	0.24468	0.0693721	0.00261249
596	0.000976562	-1.6902	-2.10413	-0.853022	-0.704467	-0.881221	-0.509705
597	0.000976562	-1.80957	-0.116902	1.23837	-0.635534	-0.036194	0.469636
598	0.000976562	-0.515252	0.713859	-0.369239	0.371439	0.110145	0.119457
599	0.000976562	0.0275027	0.427033	0.413607	-0.143471	0.375904	0.417623
600	0.000976562	0.392315	0.199781	0.392582	-0.543379	0.0515911	0.528088
601	0.000976562	0.0162147	0.213478	0.369824	0.323568	-0.0887974	0.507144
602	0.000976562	0.350074	0.357555	-0.038496	-0.136568	-0.77013	-0.222019
603	0.000976562	-0.146022	0.0526851	-1.5132	0.0931682	0.176523	-0.365737
604	0.000976562	-0.350563	-0.182379	-1.62752	0.0206444	-0.305955	-0.453689
605	0.000976562	-1.63485	1.19648	2.41161	-0.604774	0.522081	1.21642
606	0.000976562	0.399294	0.0899358	0.399175	0.314223	-0.305889	0.457269
607	0.000976562	0.306923	0.31204	0.28624	-0.35266	0.456285	1.30533
608	0.000976562	-0.00269908	-0.0839552	0.232403	0.562328	0.641782	0.498601
609	0.000976562	-0.295535	0.341543	0.399092	0.842509	0.190582	-0.403582
610	0.000976562	-0.716461	-0.0306375	-3.45973	-0.228648	-0.0623231	-1.62863
611	0.000976562	0.822733	-0.481052	3.55979	0.374549	-0.174859	1.62797
612	0.000976562	0.716905	-0.0475411	-0.373269	-0.391647	0.128349	0.146125
613	0.000976562	0.357899	0.269211	0.205855	-0.896003	-0.190881	0.693191
614	0.000976562	-0.773713	-0.407198	-0.811793	-0.104908	-0.136897	-0.107673
615	0.000976562	0.542378	0.655911	-1.06843	-0.0703098	0.666784	-0.264416
616	0.000976562	0.0640941	0.493289	0.218256	-0.19155	1.3304	-0.219189
617	0.000976562	0.111446	-0.0697645	-1.76531	0.197044	-0.187758	-0.492334
618	0.000976562	0.76287	-0.81812	0.62808	0.0291713	0.00221595	0.0375332
619	0.000976562	-1.52108	-0.851692	2.42742	-0.695622	-0.224484	1.14999
620	0.000976562	0.180167	0.491282	0.0150591	-0.183622	-0.249668	1.40778
621	0.000976562	0.331224	-0.0556186	0.248165	-0.787592	0.956107	-0.144587
622	0.000976562	0.535504	-0.486258	-1.81684	0.225589	-0.249457	-0.512098
623	0.000976562	-0.273096	0.156551	0.0542057	0.573351	-0.39991	-0.01557
624	0.000976562	0.295779	0.194252	0.149991	-0.71915	0.402705	0.485183
625	0.000976562	-0.177996	1.16037	0.764204	0.182727	0.180731	-0.0755589
626	0.000976562	0.178322	0.102157	0.049604	-0.650487	-1.20397	-0.538408
627	0.000976562	0.131069	-0.576748	1.48398	0.101823	-0.0646584	0.300121
628	0.000976562	-0.1576	-0.163758	-0.287742	-0.583268	0.257485	0.338613
629	0.000976562	-0.0393759	0.333034	0.190134	1.57473	0.15118	-0.00456129
630	0.000976562	0.21885	0.149602	0.278379	-0.0777272	0.223456	0.0177672
631	0.000976562	0.225492	0.337277	0.324064	0.245889	1.34586	0.616106
632	0.000976562	-0.135637	0.174221	0.0286117	0.661888	0.413318	-0.873823
633	0.000976562	-0.685975	0.289196	0.111666	0.210154	-0.191678	-0.0374337
634	0.000976562	0.199486	0.215503	0.105258	0.643122	1.0958	0.155247
635	0.000976562	0.307441	0.18887	0.0630691	0.597829	-0.0515541	0.218716
636	0.000976562	0.243648	0.439492	-0.137346	-0.28483	0.287418	-0.503371
637	0.000976562	1.59027	0.170017	1.34592	0.56136	-0.344546	0.540426
638	0.000976562	0.449372	0.438223	0.112365	-0.332194	0.647799	0.179256
639	0.000976562	0.537001	0.847611	1.53916	0.355186	0.0424556	0.436834
640	0.000976562	0.160253	0.258252	0.300563	-0.599889	-0.7177	-0.434868
641	0.000976562	0.428452	1.41649	1.76347	0.365922	0.346154	0.705216
642	0.000976562	0.0641218	0.221611	0.155344	-0.990803	-0.635178	0.145761
643	0.000976562	0.231375	-0.468483	-0.945193	0.248675	-0.134543	0.0902129
644	0.000976562	0.604466	0.3457	-0.103225	-0.209725	0.440849	0.685878
645	0.000976562	0.207903	0.480955	0.246433	0.206973	0.554667	0.990763
646	0.000976562	0.230184	0.0524911	0.214901	-0.0667292	-1.25205	0.183486
647	0.000976562	0.441602	-0.746506	0.0634967	-0.0381069	0.12864	-0.0769424
648	0.000976562	1.48055	-0.14861	-1.99053	0.605753	0.103795	-0.738059
649	0.000976562	-0.514291	0.573051	0.0826379	0.561229	-0.225104	-0.0235856
650	0.000976562	-0.0102111	-0.213839	0.0198267	-0.302689	0.768341	-0.289192
651	0.000976562	0.641639	-0.121717	-0.558623	-0.394302	-0.26755	-0.229843
652	0.000976562	0.0683516	0.0970226	0.0511805	-0.452217	0.755122	-1.2279
653	0.000976562	-0.0166889	0.36763	0.164945	-0.0790715	-0.26283	1.19526
654	0.000976562	0.314846	0.354649	0.139098	-0.583025	0.56902	0.4439
655	0.000976562	0.328876	0.409578	0.272706	-0.905871	1.1024	0.780146
656	0.000976562	0.143436	0.25293	0.137835	-0.154055	1.3247	1.64534
657	0.000976562	1.37945	0.605195	3.2049	0.746928	0.384485	1.49378
658	0.000976562	-1.72795	0.329201	1.08075	-0.547514	0.215068	0.325125
659	0.000976562	1.63662	-1.21016	-2.67009	0.661057	-0.557816	-1.18736
660	0.000976562	0.741274	0.754859	1.2014	0.135746	0.109174	0.206517
661	0.000976562	-0.0129741	0.119849	-1.78464	-0.066476	0.334952	-0.649336
662	0.000976562	0.117309	0.309335	0.224938	0.655887	0.431105	0.912559
663	0.000976562	-0.0262213	0.119137	0.40947	0.545786	-0.333145	0.00613804
664	0.000976562	0.128064	-1.3157	0.826638	0.171176	-0.32537	0.119687
665	0.000976562	0.466606	0.344831	0.0940784	-0.298963	0.80984	0.157522
666	0.000976562	0.534509	-1.61346	-1.71585	0.181381	-0.652442	-0.665086
667	0.000976562	-0.624262	-1.04666	0.0279914	-0.195263	-0.0948214	0.154833
668	0.000976562	0.217786	-0.555217	0.671836	-0.0961256	0.254718	0.310269
669	0.000976562	0.10555	0.628821	-0.623202	-0.450518	-0.207531	-0.161533
670	0.000976562	0.222265	0.433333	0.287451	0.242583	0.623385	0.121819
671	0.000976562	0.192186	0.0944864	0.134284	0.194873	1.3251	1.25871
672	0.000976562	0.0903153	-0.0424821	-1.09315	-0.215565	0.0884319	-0.0576312
673	0.000976562	-0.0160049	0.286405	0.199205	1.3387	-0.820695	-0.188337
674	0.000976562	0.300956	0.170666	-0.0526572	-0.38646	0.255156	-0.333157
675	0.000976562	-0.012143	0.349366	0.271017	0.341805	-0.093879	0.674921
676	0.000976562	0.151874	0.454832	0.206557	-0.0510706	0.146986	0.176251
677	0.000976562	0.10361	0.303179	0.134851	-0.412777	1.05375	-0.284653
678	0.000976562	-0.458207	0.562484	-0.0658094	-0.197077	-0.309194	0.465513
679	0.000976562	0.349942	0.307359	0.462144	-0.736542	0.410389	0.884349
680	0.000976562	1.07076	-0.853034	0.948362	0.274036	-0.182603	0.29835
681	0.000976562	0.155549	0.347973	0.298952	1.26756	-0.0411155	1.22555
682	0.000976562	-0.20723	-0.69525	0.698925	-0.0254236	0.127294	0.0804041
683	0.000976562	-2.21461	0.152243	1.39285	-1.13911	0.34955	0.682068
684	0.000976562	-0.221153	-0.824352	-3.17512	-0.005933	-0.255729	-1.44033
685	0.000976562	0.111313	0.395213	0.172868	-0.150826	-0.267539	0.708379
686	0.000976562	0.135018	0.33341	0.212035	-0.485548	1.33997	-0.436869
687	0.000976562	-0.0406347	0.973544	-0.722808	0.340136	0.164194	0.00587896
688	0.000976562	0.202084	0.469833	-0.0245847	0.671081	0.232871	-0.0968943
689	0.000976562	0.0522843	-0.628872	1.89746	0.288224	-0.0666182	0.735233
690	0.000976562	0.204014	0.157144	0.912539	0.4674	-0.0230161	-0.321822
691	0.000976562	-1.00284	-1.48917	-1.69884	-0.315183	-0.670325	-0.694504
692	0.000976562	0.112763	0.149649	0.303121	-0.131451	0.687838	-0.0816617
693	0.000976562	0.163678	0.290597	0.0771009	0.261417	1.8084	0.588467
694	0.000976562	0.88742	0.0162079	2.73411	0.294704	-0.0537834	1.16106
695	0.000976562	0.341231	-0.13241	-0.0201027	-0.741863	0.535486	-0.438709
696	0.000976562	0.0222625	0.280741	0.225083	0.159851	-0.394572	1.08193
697	0.000976562	0.0880133	0.431514	0.0743336	0.502423	0.00826101	0.61375
698	0.000976562	-1.84884	-0.585644	-0.836462	-0.590332	-0.168695	-0.36611
699	0.000976562	0.929474	0.560012	-1.36307	0.127368	0.358138	-0.417304
700	0.000976562	1.37026	-0.17243	0.314135	0.0748838	0.100844	0.0555755
701	0.000976562	0.378961	0.579018	-0.743	-0.277981	-0.228889	-0.291637
702	0.000976562	0.0689399	0.207437	0.105277	0.0817781	0.568258	0.501899
703	0.000976562	-0.25842	-2.43737	-2.3675	-0.0515895	-1.19195	-1.32528
704	0.000976562	0.0450465	0.577143	0.240634	-0.355842	0.906232	-0.501022
705	0.000976562	0.286122	0.395296	0.249857	-0.0670146	0.0152362	-0.377308
706	0.000976562	1.14513	1.02648	-1.12373	0.26605	0.258127	-0.392214
707	0.000976562	0.622525	-0.619477	1.28655	-0.0350446	-0.480676	0.330868
708	0.000976562	0.362702	-0.108978	1.15363	-0.394592	-0.303896	0.172786
709	0.000976562	-1.41836	-1.7908	-1.80137	-0.61543	-0.974616	-0.717437
710	0.000976562	0.272533	0.0950541	-0.145566	0.42337	0.509456	0.202937
711	0.000976562	0.155698	0.224922	0.197238	-0.948923	-0.400199	-0.482421
712	0.000976562	0.00340371	0.278269	0.101822	-0.11082	0.617184	0.66827
713	0.000976562	-0.317753	0.569567	0.601661	0.593077	0.0702595	-0.219696
714	0.000976562	0.237289	0.294254	0.487232	-0.219545	-0.324121	0.154095
715	0.000976562	0.402636	0.162343	0.32153	-1.07369	0.939671	0.0767396
716	0.000976562	-1.88815	-1.1427	0.793107	-0.624019	-0.567166	0.434897
717	0.000976562	0.0903191	-0.0758448	0.336075	-0.522121	-0.261466	-0.0488356
718	0.000976562	1.91682	0.779216	-0.25141	0.692874	0.245829	-0.152553
719	0.000976562	0.798688	0.74173	1.12805	0.124984	0.0764891	0.0208677
720	0.000976562	-0.227409	-1.44558	-3.31094	-0.032499	-0.86334	-1.5611
721	0.000976562	0.115262	0.332146	0.115703	0.34504	-0.22324	-0.473024
722	0.000976562	0.18742	0.2695	0.285505	0.511276	-0.177308	0.458484
723	0.000976562	0.0615577	0.483553	0.20063	0.46061	-0.662637	0.274718
724	0.000976562	0.283251	0.157492	0.101512	0.582802	-0.695716	-0.0405291
725	0.000976562	-1.27064	-1.52872	2.9724	-0.607393	-0.690712	1.54206
726	0.000976562	0.996141	1.06677	-0.923366	0.220694	0.319557	-0.52286
727	0.000976562	0.0917647	0.351407	0.149305	1.04662	-0.741464	0.127577
728	0.000976562	1.51585	-0.833774	-1.12935	0.409233	-0.328689	-0.348845
729	0.000976562	0.293352	0.136558	0.113036	-0.444381	-0.11688	-0.0409773
730	0.000976562	-1.35854	-0.311517	-2.13085	-0.434097	-0.0563867	-0.946415
731	0.000976562	0.059984	0.00605353	0.271141	-0.45455	0.316349	-0.256503
732	0.000976562	-7.87322e-05	0.512172	0.308951	-0.536219	0.142911	0.848162
733	0.000976562	0.0343441	0.345605	0.330792	-0.253986	0.440845	0.0358741
734	0.000976562	0.132314	0.372429	0.438906	-0.364837	-0.302524	0.0198291
735	0.000976562	-0.00571916	0.600919	0.143892	-0.541371	0.577951	-0.347224
736	0.000976562	0.00687831	0.457738	-1.28341	0.0271706	0.202784	-0.187118
737	0.000976562	0.0656011	0.0625016	0.28967	-0.162438	0.290373	0.930736
738	0.000976562	0.00302124	-0.646599	-0.530978	-0.464993	-0.181539	0.0873334
739	0.000976562	0.476569	-0.459118	0.535672	-0.0936641	0.263036	0.0456858
740	0.000976562	0.215957	0.179938	0.107833	0.791143	0.564385	-1.36251
741	0.000976562	0.204721	0.214816	0.223777	0.184463	-0.283692	0.358854
742	0.000976562	0.108241	0.314667	0.197358	1.36342	0.431856	-0.775497
743	0.000976562	-0.061915	0.259835	0.112118	0.700875	-0.747546	0.908922
744	0.000976562	0.146465	0.424008	0.0577039	0.0503209	0.894575	-0.144348
745	0.000976562	0.316943	0.489335	0.161233	0.0642433	0.716457	-0.171862
746	0.000976562	-0.090111	-0.16333	-0.34304	0.766335	0.218827	0.144963
747	0.000976562	-0.282311	-1.44022	-2.04177	0.0369057	-0.618477	-0.808172
748	0.000976562	0.0832238	0.466154	0.226768	0.812371	0.857752	0.693322
749	0.000976562	0.0610029	-0.59192	0.399124	-0.164758	-0.103711	-0.25289
750	0.000976562	-0.44025	0.684462	-0.256775	-0.029199	-0.392494	-0.0333649
751	0.000976562	0.188787	0.255179	0.156698	0.565547	-1.79477	0.630286
752	0.000976562	0.479862	0.406252	0.185869	0.210471	-0.0328484	-0.404963
753	0.000976562	0.267096	0.17723	0.210781	-0.41979	-0.0964773	0.953157
754	0.000976562	0.104392	0.36755	0.264682	0.0445112	1.23156	-0.759419
755	0.000976562	0.165169	0.412492	0.46861	-0.445891	0.567814	0.874585
756	0.000976562	0.0868297	0.182131	0.273311	-0.133779	0.111758	0.162344
757	0.000976562	0.302334	1.64821	1.45624	0.0496704	0.381531	0.60351
758	0.000976562	0.231176	-0.541461	3.54427	0.198382	-0.329618	1.62798
759	0.000976562	0.21167	0.227422	-0.736144	0.144188	0.0682498	0.308579
760	0.000976562	-1.48527	-1.65313	3.05326	-0.692759	-0.7335	1.47665
761	0.000976562	-0.239394	-1.17455	-3.139	-0.0322311	-0.713777	-1.36894
762	0.000976562	0.312455	0.404878	0.191305	0.0623556	0.334476	0.243623
763	0.000976562	-0.222377	0.473948	0.198367	0.187011	-0.0512723	-0.932929
764	0.000976562	0.184931	0.43817	0.0633261	1.11772	0.799937	0.372591
765	0.000976562	0.1418	-0.559781	-0.471555	0.0862605	-0.215492	0.459989
766	0.000976562	-1.44811	-1.36318	-1.12609	-0.542657	-0.445581	-0.461051
767	0.000976562	0.3267	0.460309	0.245798	0.938373	-0.223914	-1.17382
768	0.000976562	-3.02687	-0.804653	0.933999	-1.40919	-0.232708	0.416578
769	0.000976562	1.00375	-0.569242	0.892235	0.157299	-0.623019	0.275286
770	0.000976562	0.598318	-0.781514	-0.941506	-0.021396	-0.159209	-0.0662653
771	0.000976562	0.117061	-0.0216639	-0.000628058	-0.226712	1.20575	-0.263724
772	0.000976562	0.254106	0.514275	-1.45512	-0.043562	0.209607	-0.294913
773	0.000976562	-0.550142	-1.01187	2.75206	-0.197042	-0.401571	1.53227
774	0.000976562	0.184559	0.294039	-0.0506792	-0.525264	0.872996	0.216056
775	0.000976562	-0.325518	-0.534428	0.7112	0.440687	-0.0836985	0.179293
776	0.000976562	0.259775	1.11616	0.429728	0.431959	-0.0675098	-0.174886
777	0.000976562	0.230887	0.320059	0.444887	0.615251	0.0959914	-0.108997
778	0.000976562	0.411128	0.373017	0.142845	0.67028	0.964429	-0.887186
779	0.000976562	0.919657	-0.728132	-0.821167	-0.0467271	-0.30515	-0.434714
780	0.000976562	0.178607	0.256719	0.267121	0.119493	1.16286	-0.800632
781	0.000976562	0.219574	0.305279	0.21202	1.60163	0.33153	-1.28247
782	0.000976562	0.0735628	0.152578	0.208576	-0.357388	-1.06488	0.262967
783	0.000976562	-0.333239	-0.332568	-0.585466	-0.175915	0.198577	0.0391043
784	0.000976562	0.299678	0.111704	0.086453	0.409197	0.26888	-0.187747
785	0.000976562	0.0458778	-0.0305864	0.213304	-0.230044	0.146122	0.701342
786	0.000976562	0.60136	-0.780153	0.687824	0.132908	-0.00733812	-0.124339
787	0.000976562	-0.14679	-1.37827	-2.14625	0.0238888	-0.674015	-0.741964
788	0.000976562	-3.28628	-1.37933	0.193825	-1.59966	-0.589182	0.101031
789	0.000976562	-0.0401972	0.509275	0.18024	0.0727101	-0.166678	-0.0777918
790	0.000976562	0.077935	-0.709555	-0.79084	0.315151	0.0580621	-0.0644539
791	0.000976562	-0.332842	-0.114392	1.79867	-0.293556	-0.129372	0.543887
792	0.000976562	0.154426	-0.150629	-0.448591	-0.748014	0.11665	-0.0182633
793	0.000976562	0.291856	0.185401	-0.0864991	0.217984	-1.01578	-0.0277016
794	0.000976562	-2.47712	0.402364	-0.63839	-0.960333	0.242293	-0.258081
795	0.000976562	0.222732	-0.231263	2.73805	0.10731	-0.019009	1.08449
796	0.000976562	0.0608012	0.172261	0.0858387	0.571041	-1.00366	0.769078
797	0.000976562	-0.195939	-2.45288	2.61306	-0.126738	-1.1356	1.2361
798	0.000976562	-0.102669	0.468687	0.177872	-0.379795	0.717829	0.485682
799	0.000976562	0.338802	0.4703	0.0124133	0.558343	-0.0245315	-0.821155
800	0.000976562	0.225028	0.346645	0.322781	-0.718765	0.0641127	-0.310991
801	0.000976562	0.0872063	0.391156	0.173662	0.256729	-0.139615	-0.751976
802	0.000976562	0.28902	0.190746	0.0747419	0.3706	-1.03957	-0.741351
803	0.000976562	0.518483	0.449679	0.0445037	-0.271079	0.321311	-0.637882
804	0.000976562	0.233823	0.76438	-0.385145	-0.235875	-0.1991	0.217168
805	0.000976562	0.425553	-0.219844	-0.225267	0.224207	0.303412	0.704864
806	0.000976562	1.86849	-1.94473	2.54468	0.948043	-0.93563	1.30561
807	0.000976562	0.251649	0.34686	-0.0590354	-0.187925	1.35545	-0.0090792
808	0.000976562	-0.522921	-1.12262	-1.21002	-0.0565153	-0.326578	-0.396408
809	0.000976562	-0.00161941	-0.784807	0.765905	0.357577	-0.105392	0.0677196
810	0.000976562	-0.103369	0.58636	0.111873	0.642847	-0.577154	-0.658818
811	0.000976562	0.257236	0.118635	0.101917	1.17898	-0.254683	0.630055
812	0.000976562	1.33186	-0.0413295	-1.76771	0.463462	-0.0110879	-0.546869
813	0.000976562	-0.0218296	0.356199	-0.0626093	0.928828	0.621801	-0.687555
814	0.000976562	0.130706	0.339479	0.24167	0.168118	1.08519	-0.771362
815	0.000976562	0.24652	0.308261	0.330073	0.283911	-0.00557183	0.0453758
816	0.000976562	0.0293023	0.280324	0.129686	0.988478	0.745754	0.737919
817	0.000976562	-0.175532	-2.8716	-1.99231	-0.021676	-1.3848	-1.03564
818	0.000976562	0.145775	0.317235	0.288709	0.565028	-0.262851	0.574471
819	0.000976562	0.247624	0.129595	0.13563	-0.947212	0.934758	-1.19749
820	0.000976562	0.120064	0.121875	0.0942193	1.61295	0.011863	0.212274
821	0.000976562	-2.28769	-1.51537	-1.69448	-0.974851	-0.609673	-0.821922
822	0.000976562	0.795889	-2.95119	-1.95305	0.479596	-1.42183	-1.03562
823	0.000976562	0.113572	0.484549	0.28863	0.579189	-0.0765485	0.0769984
824	0.000976562	0.000331648	0.158066	0.153293	-0.136013	0.508002	0.529125
825	0.000976562	0.0625345	0.291486	0.100088	-1.082	1.41616	0.254117
826	0.000976562	-0.365227	0.366444	0.294296	0.33528	-0.624082	-0.199874
827	0.000976562	-0.319175	-2.15134	0.204672	-0.144715	-0.820373	0.173395
828	0.000976562	-1.28821	1.69784	-3.61238	-0.571329	0.783609	-1.76109
829	0.000976562	0.118236	0.0318791	0.0638853	0.979258	0.661785	-0.42949
830	0.000976562	0.195913	0.206253	0.478589	-0.592107	-0.154978	0.505762
831	0.000976562	0.0342452	0.377274	0.0187899	1.38004	0.21409	-0.139237
832	0.000976562	0.169014	0.485741	0.258577	0.592033	0.681921	0.6671
833	0.000976562	-0.234294	-1.04445	1.03168	-0.173063	-0.263939	0.220827
834	0.000976562	0.286374	0.163347	0.205366	-0.00310867	0.899267	0.978904
835	0.000976562	0.19099	-1.01744	-2.0307	-0.0872054	-0.494836	-0.664518
836	0.000976562	-1.94364	-0.031299	2.32533	-0.903485	0.0173583	0.936973
837	0.000976562	1.35838	0.834857	1.80086	0.50291	0.368308	0.958836
838	0.000976562	-1.75474	-1.49535	1.55407	-0.712765	-0.536702	0.683844
839	0.000976562	-0.434249	3.36676	-1.0458	-0.205848	1.51553	-0.441619
840	0.000976562	0.124445	0.588708	0.184844	-0.162704	0.933089	0.457888
841	0.000976562	0.302484	0.103055	-0.0192353	0.462356	-0.840894	-0.641544
842	0.000976562	0.0876208	-0.64388	-0.732522	0.11039	-0.0234063	0.0550778
843	0.000976562	-2.30551	-0.94626	-2.91629	-1.07332	-0.526141	-1.47064
844	0.000976562	0.393142	0.234604	0.0344266	-0.790772	-0.549965	0.0430473
845	0.000976562	0.264053	0.265769	0.321308	1.40871	-0.201555	-0.158242
846	0.000976562	-1.82477	-1.89868	-2.14253	-0.749881	-0.932636	-1.02403
847	0.000976562	-0.31071	-0.636612	-2.22783	-0.0693918	-0.443318	-0.755481
848	0.000976562	0.168321	0.353307	0.0205048	1.62143	-0.421303	0.0257635
849	0.000976562	0.197126	0.30685	0.184013	-0.867716	0.0802925	-0.795386
850	0.000976562	-0.206012	1.67822	-0.214538	-0.446802	0.615222	-0.0589769
851	0.000976562	0.280454	0.217753	0.066319	-0.934404	0.514209	-0.913106
852	0.000976562	-1.10061	-0.878284	-3.47222	-0.440723	-0.536393	-1.57506
853	0.000976562	0.374582	-0.882799	-0.20636	-0.232833	-0.0754527	-0.0462692
854	0.000976562	-0.0704159	0.553101	0.202068	0.0121961	0.227521	-0.131339
855	0.000976562	0.0732639	0.315117	0.15451	0.377673	-0.519052	0.0855001
856	0.000976562	0.314137	0.411638	0.351618	0.127576	0.240367	-0.185874
857	0.000976562	0.138524	0.210292	0.183358	-0.286626	-0.671352	0.564566
858	0.000976562	0.976182	-1.25454	-2.1056	0.465524	-0.366889	-0.90654
859	0.000976562	0.10519	0.151648	0.239621	1.5364	-0.386048	0.663182
860	0.000976562	-0.214832	0.182882	-0.216173	0.175089	-0.187973	0.671023
861	0.000976562	0.0822456	0.310515	0.274371	-0.511682	-0.196284	-1.06259
862	0.000976562	0.0786701	0.35337	0.080015	0.5514	0.931016	0.205761
863	0.000976562	-1.74415	-1.30393	-1.0312	-0.706704	-0.640829	-0.347308
864	0.000976562	-0.00452438	-1.17373	-2.33064	0.0603159	-0.520283	-0.855452
865	0.000976562	0.331748	-0.992434	-2.20373	0.198913	-0.394624	-0.728631
866	0.000976562	1.98265	0.257087	-0.961762	0.658962	-0.00490541	-0.285369
867	0.000976562	0.206998	-0.0129077	-0.0367836	-0.15284	1.02177	0.775812
868	0.000976562	1.80214	-3.14826	-0.321835	0.920209	-1.48327	-0.215323
869	0.000976562	0.271758	0.0943801	0.31748	-0.654478	1.19324	-0.530304
870	0.000976562	-0.114737	-0.0963535	-0.183142	0.121197	0.675441	0.449978
871	0.000976562	-0.908115	1.80643	1.60308	-0.123844	0.839335	0.76597
872	0.000976562	0.304154	0.396464	0.313112	-0.236465	-0.159278	-0.381221
873	0.000976562	0.102406	0.389219	0.102727	1.48016	-0.728178	-0.736236
874	0.000976562	0.0703868	0.15185	0.0213516	-1.08729	0.304775	-0.312395
875	0.000976562	-0.153106	0.108149	0.203267	0.716507	-0.599423	-0.350367
876	0.000976562	-0.902124	1.58893	1.32398	-0.0500835	0.74622	0.604399
877	0.000976562	0.856148	-0.4841	0.612805	-0.176142	-0.506497	-0.0612609
878	0.000976562	-0.402332	-0.647544	1.02587	0.223228	-0.306518	0.258755
879	0.000976562	-0.392763	2.14889	-1.77875	-0.138959	0.875768	-0.712094
880	0.000976562	0.986371	0.52071	-1.69862	0.181988	0.462512	-0.688905
881	0.000976562	-2.02736	1.47485	1.2051	-0.769647	0.832925	0.66186
882	0.000976562	0.137249	0.252842	0.218778	0.217828	1.36696	0.0834243
883	0.000976562	0.00837945	1.17132	0.545873	-0.322318	0.0129868	0.334054
884	0.000976562	0.00574021	0.24541	0.281897	1.33214	-0.447555	0.446271
885	0.000976562	0.238177	0.35495	0.21368	-0.550591	-0.0358329	-0.518334
886	0.000976562	0.372664	0.282847	0.217081	-0.921898	-0.120268	0.815279
887	0.000976562	0.617299	0.633834	-1.13928	-0.0470928	0.247584	-0.280518
888	0.000976562	-1.60268	-0.983253	-3.24183	-0.807801	-0.640763	-1.56448
889	0.000976562	0.0197628	-0.620587	-1.62811	0.0496695	-0.130215	-0.476742
890	0.000976562	0.21608	0.184035	0.149626	1.37637	0.0462466	-0.996052
891	0.000976562	-1.11785	-0.738622	-2.74174	-0.311515	-0.369367	-1.3116
892	0.000976562	0.108186	0.401838	0.0676378	0.290287	0.00713884	0.21489
893	0.000976562	-0.915555	2.30318	2.10396	-0.266392	1.02915	1.07631
894	0.000976562	0.23585	0.10743	-0.0297091	0.328887	0.480909	0.115211
895	0.000976562	0.219163	0.258347	-0.948478	0.258024	-0.0728927	0.153283
896	0.000976562	0.220659	0.397246	0.244191	0.37431	0.624793	-0.278642
897	0.000976562	0.602921	-0.756948	0.378385	-0.115095	-0.302046	-0.213204
898	0.000976562	-0.378705	0.565863	0.103045	0.375881	-0.417051	0.0799228
899	0.000976562	-0.499045	1.86336	-0.17561	8.19301e-05	0.544233	-0.0872041
900	0.000976562	0.369599	-0.923042	0.293379	-0.337399	-0.271222	-0.0179863
901	0.000976562	0.219983	0.181948	0.168656	-0.227666	0.0395267	-0.152273
902	0.000976562	-0.0133519	0.258899	0.693806	0.203082	0.73189	-0.391756
903	0.000976562	0.167892	0.0999375	-0.0748903	0.325445	-0.608224	0.50641
904	0.000976562	0.602777	0.561347	-0.825283	0.0423511	-0.0572209	-0.142519
905	0.000976562	0.165788	0.0398716	0.180893	-0.14401	0.254925	0.940273
906	0.000976562	0.150541	0.00966081	-0.0142708	-0.68255	0.398748	-0.25175
907	0.000976562	0.316383	-0.181153	3.15758	0.178951	-0.013541	1.37002
908	0.000976562	0.131814	1.10085	-0.343049	-0.317772	0.0249073	-0.00936173
909	0.000976562	0.409796	0.355497	0.350203	-0.00246389	-0.19597	0.00417401
910	0.000976562	0.107126	0.174898	0.405169	0.0665877	-0.936461	-0.800901
911	0.000976562	0.155043	0.252861	0.185265	0.488988	0.724434	-0.0860971
912	0.000976562	0.172418	0.22191	0.0880049	0.357476	-1.01677	-0.682371
913	0.000976562	0.2068	0.481358	0.13612	-0.931631	-0.0248335	-0.148532
914	0.000976562	0.61929	-0.713652	-1.65373	0.209122	-0.396593	-0.467708
915	0.000976562	0.148832	0.146337	-0.0216163	1.18729	-0.85187	-0.0185288
916	0.000976562	0.174729	-0.77662	0.742188	-0.3614	-0.478661	0.036983
917	0.000976562	-0.230324	0.550664	-1.40476	0.0922182	0.100619	-0.281709
918	0.000976562	-1.09922	0.198051	-3.36015	-0.557879	-0.0746228	-1.59134
919	0.000976562	0.489647	-0.619249	-0.377469	-0.38332	-0.16648	-0.252648
920	0.000976562	0.272806	0.152957	0.175129	0.888995	0.0403363	1.01479
921	0.000976562	-2.22889	0.652845	1.36118	-0.882129	0.412583	0.56985
922	0.000976562	-1.07221	0.996442	-0.772127	-0.17352	0.298181	-0.205889
923	0.000976562	1.39517	-0.231183	2.09243	0.522798	-0.18782	0.912652
924	0.000976562	0.245881	0.115561	0.17751	0.546616	-0.455436	0.749614
925	0.000976562	-1.34069	0.914669	-0.972135	-0.326241	0.391339	-0.230495
926	0.000976562	0.0823949	0.279528	0.0736622	0.608087	-0.94964	0.718348
927	0.000976562	0.508691	-0.134752	0.827869	-0.50872	-0.154727	0.0412294
928	0.000976562	-1.57787	-2.98406	0.814208	-0.821762	-1.63529	0.441448
929	0.000976562	0.0710959	0.320512	0.370546	-0.92966	-0.75485	0.558439
930	0.000976562	0.257566	0.289726	0.272373	1.28313	0.175699	-1.0074
931	0.000976562	-1.00478	-1.87069	-2.4434	-0.326136	-0.885572	-1.1661
932	0.000976562	0.448655	-0.224898	-1.01419	0.0851735	0.250294	-0.0379324
933	0.000976562	0.210975	0.360415	0.210036	0.655661	0.200516	0.0989902
934	0.000976562	-1.96993	-2.01108	-2.27517	-0.953123	-0.954404	-1.22107
935	0.000976562	0.319275	0.283607	0.241071	-0.535016	0.86747	1.07622
936	0.000976562	0.272601	0.372389	0.00893345	0.191158	-1.11087	0.176585
937	0.000976562	-0.223905	0.571363	-0.0808591	0.163309	-0.574613	0.296928
938	0.000976562	0.372364	0.528584	0.181344	0.804657	-0.0169141	-0.313197
939	0.000976562	-1.96234	-2.4336	-0.65401	-0.945621	-1.07596	-0.352902
940	0.000976562	0.144983	0.183314	0.21775	0.58792	-0.173445	-0.595978
941	0.000976562	0.168021	0.415759	0.0878756	0.306224	-0.660536	-0.350835
942	0.000976562	-1.13358	-0.209574	-0.471259	-0.0754679	0.0789253	-0.11327
943	0.000976562	0.26932	0.403473	0.150145	0.535428	0.104285	0.850175
944	0.000976562	0.196055	0.251685	0.472522	-0.203842	-0.540403	0.47599
945	0.000976562	0.829527	0.528912	-1.23989	0.00827202	0.306524	-0.391328
946	0.000976562	-0.0308082	-0.509603	-0.415108	-0.216549	0.263441	0.0669238
947	0.000976562	1.29757	-1.03445	-0.941597	0.330379	-0.308272	-0.221479
948	0.000976562	-0.0921323	-0.171979	2.06566	-0.14267	-0.0994896	0.64629
949	0.000976562	-1.3947	-1.20389	-2.54827	-0.629231	-0.718892	-1.14048
950	0.000976562	1.06457	-2.06619	-2.62525	0.574799	-0.904092	-1.29227
951	0.000976562	-0.0110549	0.154831	-1.81551	-0.171751	-0.00965198	-0.500598
952	0.000976562	-0.151175	-0.343879	-2.99599	-0.0288337	-0.0600174	-1.27246
953	0.000976562	0.219827	-0.616205	-1.67554	0.149521	-0.164963	-0.450077
954	0.000976562	0.236427	-1.01057	0.224005	-0.17706	-0.16256	-0.062709
955	0.000976562	-0.28533	0.47111	0.238	0.379813	-0.648796	0.502226
956	0.000976562	0.121558	0.00223921	-0.00397908	-0.49117	0.0408377	0.220167
957	0.000976562	-0.00347019	0.225866	0.099527	0.250502	0.560466	0.168454
958	0.000976562	0.190638	0.278181	0.192511	0.859053	-0.302151	-0.952038
959	0.000976562	0.313405	0.238588	0.386708	-0.206968	1.32877	0.54705
960	0.000976562	-1.14084	0.223449	-0.319842	-0.0148861	0.146413	-0.00265353
961	0.000976562	0.284163	-0.0246457	0.195831	0.915684	-0.296281	-0.312777
962	0.000976562	0.133796	0.0856788	0.136003	0.135277	-0.388624	-0.316024
963	0.000976562	0.163517	-1.2038	-2.15762	0.218402	-0.488752	-0.79287
964	0.000976562	0.166353	0.289469	0.358111	0.335641	1.16941	1.0991
965	0.000976562	0.122128	0.402839	0.272209	0.116728	-0.593306	0.8794
966	0.000976562	-1.08655	-0.823109	-2.56733	-0.484282	-0.376681	-1.12744
967	0.000976562	0.23831	0.221134	0.0467767	-0.0955418	-1.36876	-0.95231
968	0.000976562	0.273622	0.278315	0.108378	-0.128373	-1.54604	-0.893042
969	0.000976562	0.00979416	0.0166063	0.287087	0.199766	0.265308	0.297293
970	0.000976562	0.223972	0.146503	0.106043	-0.821903	-0.753117	-0.970272
971	0.000976562	0.735278	-0.461614	-0.678456	0.0204136	0.162649	0.0743799
972	0.000976562	0.0403678	0.448046	0.0130346	-0.524905	0.640802	0.174699
973	0.000976562	-0.0918316	-1.27847	3.22215	-0.00011545	-0.55082	1.44987
974	0.000976562	0.211473	0.500708	0.128333	-0.857358	0.146771	0.0262574
975	0.000976562	1.6723	0.622181	-1.63484	0.61029	0.471645	-0.693639
976	0.000976562	0.140117	-0.500888	1.24678	0.404035	-0.162218	0.174975
977	0.000976562	0.129518	0.178086	0.0606371	1.15179	0.0672872	0.648121
978	0.000976562	0.452329	0.219938	-0.0409496	-0.196023	0.318509	-0.0794419
979	0.000976562	0.314199	0.171273	0.127255	0.0602179	-1.01825	0.555186
980	0.000976562	0.169542	0.632267	0.282005	-0.283365	0.625476	-0.33112
981	0.000976562	0.115951	0.0436017	0.14393	-0.362342	-0.562159	-0.0494933
982	0.000976562	0.596498	0.720423	1.3295	-0.171271	0.0840392	0.311968
983	0.000976562	-2.17187	0.181171	-3.18982	-1.00811	0.0438666	-1.59742
984	0.000976562	0.122156	0.118168	0.318462	-0.267404	1.07081	0.200711
985	0.000976562	-0.240076	0.197835	0.111965	1.10217	0.26704	-0.010904
986	0.000976562	1.67048	3.41458	-0.895648	0.811244	1.6497	-0.369619
987	0.000976562	0.06788	0.135812	0.0468956	-0.263156	1.06142	-0.0242897
988	0.000976562	0.207818	0.333187	0.0482609	0.270969	-0.0125825	-1.09724
989	0.000976562	0.623503	-0.0637751	-0.255848	-0.494814	-0.0333263	0.114905
990	0.000976562	-2.77311	0.336973	0.727457	-1.1392	0.0762199	0.358778
991	0.000976562	0.166276	0.551155	0.206762	-0.0465676	0.600614	-0.0869312
992	0.000976562	0.0432961	0.196183	0.0784199	-0.524505	0.350156	0.163245
993	0.000976562	0.210233	-0.16655	-0.00667316	-0.101879	0.874632	-0.313509
994	0.000976562	0.018164	-0.00116539	0.237686	-0.249344	0.318128	-0.00210003
995	0.000976562	-0.607319	-0.679912	2.08684	-0.12888	-0.179965	0.785065
996	0.000976562	-0.153725	0.0401728	0.939769	-0.496419	-0.356667	0.00767648
997	0.000976562	0.0283669	0.83606	-1.96137	0.191678	0.303463	-0.641428
998	0.000976562	0.225181	0.228054	0.0423119	-0.258946	-0.903724	0.478806
999	0.000976562	-1.59027	-3.00788	0.809856	-0.775288	-1.51398	0.414792
1000	0.000976562	0.376271	-0.28556	-1.33767	0.264269	-0.111198	-0.192575
1001	0.000976562	0.227953	0.372319	0.229907	-0.491645	-0.304221	-1.08504
1002	0.000976562	0.0203988	0.386107	0.164622	0.0298231	0.0202162	0.547372
1003	0.000976562	0.524499	0.257837	0.180926	-0.0946221	0.297814	0.177692
1004	0.000976562	1.601	-0.837759	-1.87513	0.761061	-0.301997	-0.678597
1005	0.000976562	0.382652	0.997633	1.93064	-0.00390815	0.43496	0.768292
1006	0.000976562	0.675156	-0.625738	-0.147806	0.0820162	0.231862	-0.0050463
1007	0.000976562	0.352767	0.451899	-0.345335	0.145605	-0.240651	0.718448
1008	0.000976562	-0.0106374	-0.349746	-1.02892	-0.263629	0.263182	-0.360734
1009	0.000976562	0.237007	0.225607	0.237745	0.111011	0.871566	-1.10324
1010	0.000976562	1.01475	1.53823	-0.671039	0.267286	0.67972	-0.484562
1011	0.000976562	-0.517948	0.766085	0.729923	0.165121	-0.0313004	-0.141645
1012	0.000976562	0.050554	0.267727	0.266711	0.121219	0.768771	0.0275126
1013	0.000976562	0.0271794	0.234151	-0.678794	0.0650762	0.261933	0.402829
1014	0.000976562	0.0959872	0.434563	0.139029	0.687781	-1.5174	-0.265004
1015	0.000976562	-0.184029	-1.53268	-1.15466	-0.0132642	-0.480401	-0.424684
1016	0.000976562	0.0472806	0.566373	-0.426003	0.245663	-0.0888167	0.586615
1017	0.000976562	0.219669	-0.0681523	-0.419294	-0.506395	0.456718	0.281683
1018	0.000976562	-0.291229	0.128033	0.108133	0.538936	-0.351374	-0.193797
1019	0.000976562	-0.122495	-3.42623	-1.60318	-0.0201312	-1.63426	-0.817308
1020	0.000976562	2.22858	0.22271	2.54156	1.08802	0.213525	1.13163
1021	0.000976562	-0.241863	0.423011	-0.00681942	0.64414	-0.477956	0.121794
1022	0.000976562	0.0768077	0.18899	0.210395	-0.683204	0.444395	0.392447
1023	0.000976562	0.501187	-0.764711	0.523418	-0.100204	-0.359731	-0.0756057
