9.000000e+00
1024
0	0.000976562	-0.159468	0.556464	0.38616	-0.617082	0.806759	0.268206
1	0.000976562	0.162938	0.224278	0.240655	-0.110149	0.741998	-1.19779
2	0.000976562	0.200493	0.696573	-1.9228	-0.143912	0.247428	-0.24275
3	0.000976562	-0.404749	0.519329	0.325079	-0.214871	-0.266207	-0.50471
4	0.000976562	-2.90722	-1.77073	-3.09262	-0.799797	-0.512718	-1.00053
5	0.000976562	0.15357	0.24162	0.31047	0.00970533	-0.36764	0.690449
6	0.000976562	0.512699	0.0493007	-0.103501	0.348302	-0.142247	0.575092
7	0.000976562	0.234646	0.119464	0.321832	0.0886033	0.0197934	0.497113
8	0.000976562	0.56614	-0.00241306	0.642826	0.264354	-0.460607	-0.170688
9	0.000976562	2.20508	-1.53112	-0.345213	0.390811	-0.415446	-0.000878257
10	0.000976562	-0.0891001	0.338656	0.289397	0.093822	-0.474755	0.271086
11	0.000976562	0.326315	0.446042	0.00409906	0.392052	0.0720441	-0.350411
12	0.000976562	0.709974	-0.598399	-0.00445128	-0.0176197	0.483564	0.107203
13	0.000976562	0.348453	1.63772	1.63305	0.0452326	0.0843817	0.339923
14	0.000976562	0.302864	0.338958	0.110351	0.141075	0.726292	1.08205
15	0.000976562	-0.181152	0.124791	-0.35698	-0.0968939	-0.328665	0.657934
16	0.000976562	0.343926	0.859674	0.150137	-0.10419	-0.182616	-0.369451
17	0.000976562	0.548966	0.45035	0.216488	0.514171	-0.313431	-0.279519
18	0.000976562	0.566545	-2.04732	4.82717	0.226038	-0.590179	1.54306
19	0.000976562	-0.153252	-0.401546	-3.47012	-0.0640191	-0.112949	-0.849321
20	0.000976562	0.220155	0.151048	0.458191	-0.23049	0.0906855	-0.377413
21	0.000976562	-1.03535	1.15617	-0.348246	-0.197435	-0.0807944	0.0251238
22	0.000976562	0.675411	0.702494	0.193156	0.970345	0.434241	-0.189413
23	0.000976562	-0.229187	0.874495	0.0401103	0.191263	0.132848	-0.036797
24	0.000976562	-0.264258	0.665304	0.262469	-0.531105	0.185707	-0.24012
25	0.000976562	-2.00708	-2.08657	-1.40547	-0.492417	-0.614798	-0.327
26	0.000976562	-3.29785	-1.45633	-4.2487	-0.953718	-0.448377	-1.46923
27	0.000976562	-0.17738	0.195159	0.103848	1.0601	-0.360207	0.379216
28	0.000976562	0.415962	0.486736	0.515075	0.0281768	-0.471446	-0.58203
29	0.000976562	0.362244	0.13605	0.12243	-0.480136	-0.299352	0.503971
30	0.000976562	0.180299	0.498827	0.150242	-1.27503	-0.368707	0.00869042
31	0.000976562	0.0905846	0.113901	0.24877	0.2066	0.99514	0.0374021
32	0.000976562	0.145474	0.539024	0.345617	0.0917111	-0.220484	-0.0240132
33	0.000976562	0.445419	0.294743	0.326901	-0.311824	-0.182447	-0.398085
34	0.000976562	-0.355418	1.14789	0.314829	0.230188	-0.35596	0.121612
35	0.000976562	0.599558	0.452252	0.276175	0.712811	-0.211022	-0.491393
36	0.000976562	0.284984	0.256369	0.179882	-0.230953	-0.559193	-0.267875
37	0.000976562	0.210836	0.240176	0.196586	-0.16382	0.234752	1.05918
38	0.000976562	4.42379	-2.0811	1.40934	1.4598	-0.616725	0.417051
39	0.000976562	0.273218	0.369197	0.208944	1.08017	0.184947	-1.07853
40	0.000976562	1.44216	-1.38551	1.48831	0.17094	-0.444051	0.271764
41	0.000976562	0.561439	-0.136349	0.00582797	0.704543	0.416012	0.218828
42	0.000976562	0.687054	-0.0943458	-0.559333	-0.588585	-0.0188533	-0.116468
43	0.000976562	0.12782	0.37824	-0.152912	-0.720682	-0.432592	0.546407
44	0.000976562	0.0880349	0.477745	0.30093	0.00158096	-0.674524	0.162341
45	0.000976562	-3.81824	1.10497	3.25988	-1.13659	0.392565	0.996755
46	0.000976562	0.31894	0.0736384	-0.0568762	-0.103281	0.410012	-0.059121
47	0.000976562	2.18748	1.09988	-1.824	0.48424	0.434461	-0.464149
48	0.000976562	0.0413061	0.377056	0.0080342	0.916185	0.0898442	-0.936846
49	0.000976562	-0.464642	-0.416112	2.23425	-0.186359	-0.114353	0.413444
50	0.000976562	-0.748361	-1.18364	3.18177	-0.150023	-0.210812	0.857516
51	0.000976562	0.077226	0.423039	0.293952	0.564889	-0.588362	-0.252964
52	0.000976562	0.225018	0.284285	0.27164	0.410851	0.620352	-0.447996
53	0.000976562	2.65466	-3.53363	-2.05597	0.913237	-1.0672	-0.657663
54	0.000976562	0.400476	0.634407	0.881896	0.0893921	0.146563	0.0572066
55	0.000976562	0.139085	0.295187	0.174573	-0.459223	0.206992	0.289957
56	0.000976562	0.614544	2.76202	0.543832	0.0512377	0.612925	0.171223
57	0.000976562	0.302814	0.676057	-0.678471	0.04414	-0.0366503	0.551964
58	0.000976562	0.342417	0.318621	0.567467	-0.396652	-0.0240673	-0.405732
59	0.000976562	0.0331948	-0.393142	0.304558	-0.121694	-0.0182907	-0.0642729
60	0.000976562	0.103766	0.234794	0.156602	1.0716	0.145163	-0.172758
61	0.000976562	1.88353	-1.64541	-0.913863	0.392272	-0.369735	-0.109959
62	0.000976562	-2.01389	0.288457	1.41105	-0.386638	0.245298	0.291699
63	0.000976562	0.247243	0.384538	0.128919	-0.30146	0.118836	0.167952
64	0.000976562	0.164119	0.401475	0.279641	1.11067	-0.236933	-0.00681312
65	0.000976562	-0.309218	0.407694	0.363398	0.181905	-0.883918	-0.0190245
66	0.000976562	0.28977	0.60473	0.444896	0.513626	0.349511	-0.00877257
67	0.000976562	-0.519785	-0.0162572	-0.30861	-0.116476	0.377709	0.36617
68	0.000976562	0.507581	0.132266	0.435299	0.666027	-0.241177	0.966855
69	0.000976562	-0.75943	-0.262882	0.900946	-0.0250781	0.0927817	-0.135572
70	0.000976562	0.369758	0.252828	0.16383	-0.465296	-0.296012	0.0978786
71	0.000976562	0.7919	0.281594	-0.0120453	0.695951	0.342971	-0.372659
72	0.000976562	0.280806	0.285399	0.240462	0.19109	1.06261	0.250501
73	0.000976562	0.345334	0.354455	-0.348139	0.215994	-0.601176	-0.530635
74	0.000976562	0.197732	0.426489	0.159062	-0.0520736	-0.140366	0.573134
75	0.000976562	0.00435881	0.445707	0.0737099	0.0506736	-0.598915	-0.0355665
76	0.000976562	-0.342007	2.47253	0.659135	-0.152188	0.478656	0.156505
77	0.000976562	0.138824	0.354374	0.113461	0.520487	0.211158	0.612899
78	0.000976562	0.130304	-0.67155	-0.587991	-0.298853	0.331365	-0.101285
79	0.000976562	0.0371671	-0.133314	0.079386	-0.250864	0.983226	-0.239709
80	0.000976562	0.72625	-0.105153	0.632503	-0.160027	-0.0844697	-0.64234
81	0.000976562	0.385305	0.318286	0.323258	0.330931	0.809051	0.312159
82	0.000976562	0.31625	0.386149	0.0233135	-0.0712996	-0.0588763	-0.462918
83	0.000976562	0.0900199	0.439221	0.298695	-0.108133	0.0399749	-0.0309008
84	0.000976562	0.391769	0.44068	0.106499	0.615761	-0.669624	-0.46899
85	0.000976562	-3.14789	0.26096	-4.83373	-0.949618	0.0229692	-1.4898
86	0.000976562	0.0840185	0.243022	0.325727	-0.830973	1.09239	0.260496
87	0.000976562	0.0646401	0.36543	0.269302	0.454659	0.135671	-0.393581
88	0.000976562	0.306736	0.557882	0.453037	-0.74658	0.32823	-0.0687194
89	0.000976562	0.167175	0.263525	0.223386	0.579963	-0.363778	0.119406
90	0.000976562	-0.419895	-0.132699	0.751048	-0.0122796	0.301298	-0.399218
91	0.000976562	0.719964	0.675802	0.790079	0.161239	-0.476473	-0.316374
92	0.000976562	0.0542921	0.510062	0.175582	-0.434561	-0.464588	-0.146353
93	0.000976562	-0.234403	0.856585	0.30237	-0.147884	0.310598	0.324515
94	0.000976562	2.83396	-1.99675	-4.06447	0.916678	-0.558592	-1.27837
95	0.000976562	0.438502	0.496092	0.180433	-0.245289	1.10228	0.113532
96	0.000976562	0.0443873	0.183601	0.429471	0.429795	-0.117838	-0.605893
97	0.000976562	0.0202224	0.382184	0.248331	-0.0403634	-0.838603	0.362788
98	0.000976562	-0.15865	0.713236	0.555504	-0.770451	0.436047	0.337379
99	0.000976562	0.654899	0.352041	0.209189	-0.120833	-0.0306277	0.998832
100	0.000976562	0.757876	0.251965	0.442596	1.07473	0.383104	0.17379
101	0.000976562	0.273434	0.279322	0.0422535	0.201316	-0.00540601	-0.612388
102	0.000976562	0.388393	0.170546	0.00574341	0.987071	0.434824	0.0290597
103	0.000976562	0.0826859	0.529694	0.185468	-0.355385	0.19661	-0.807794
104	0.000976562	-2.69382	-0.967569	-5.4297	-0.834796	-0.309324	-1.78185
105	0.000976562	0.158706	0.353012	0.216652	0.0283023	0.0970216	-0.736138
106	0.000976562	0.250185	0.456487	0.138748	-0.347514	-0.162815	-0.877922
107	0.000976562	0.0391627	0.546233	-0.0565718	0.593385	0.0858204	-0.0363184
108	0.000976562	0.903473	0.397865	0.0860044	0.336922	0.0804633	-0.426035
109	0.000976562	0.432931	0.409552	0.375034	-0.104098	0.0811094	-0.31726
110	0.000976562	0.235231	0.271471	0.329475	0.473569	0.770514	-0.294326
111	0.000976562	0.650101	0.332179	0.223915	-0.379571	-0.870444	-0.659844
112	0.000976562	0.308835	0.370739	0.147135	-0.0804627	0.136957	-0.760327
113	0.000976562	0.18511	0.203343	0.162885	0.654799	1.42006	0.234345
114	0.000976562	0.294764	0.228166	0.218501	-0.600506	-0.725425	0.0461053
115	0.000976562	0.111712	0.28561	0.19619	-0.633576	-0.103161	0.79014
116	0.000976562	0.451444	0.233024	0.653832	0.988192	-0.0893306	0.417194
117	0.000976562	-1.63922	-0.13299	0.959534	-0.242532	0.105399	0.114164
118	0.000976562	0.13	-2.09805	-2.92124	0.186366	-0.53831	-0.732948
119	0.000976562	-0.179213	0.754999	0.388201	-0.140364	-0.317633	-0.0378543
120	0.000976562	0.331204	0.317032	0.0788054	-0.220449	0.432377	-0.835195
121	0.000976562	-4.00224	0.399596	1.1882	-1.11335	0.0963982	0.353986
122	0.000976562	0.0880556	0.351167	0.220865	-0.705859	-0.204401	-0.944501
123	0.000976562	-0.555005	-1.6919	-1.72773	-0.0490886	-0.454865	-0.328396
124	0.000976562	0.0161797	0.13692	0.243328	1.07079	-0.425155	-0.871076
125	0.000976562	0.529274	0.125042	0.0920882	0.538163	0.455341	0.406618
126	0.000976562	0.16623	0.367318	0.213227	0.494662	-0.190967	0.92314
127	0.000976562	0.0845177	0.449211	-0.0930894	-0.161959	0.453406	0.876577
128	0.000976562	1.22477	-1.14301	1.09043	0.0655752	-0.136466	0.121054
129	0.000976562	-0.307619	2.36211	0.704345	-0.193806	0.358311	0.135238
130	0.000976562	-1.8903	2.40008	0.660989	-0.365346	0.589582	0.197456
131	0.000976562	0.126212	0.182226	0.361101	0.878453	-0.808427	0.544576
132	0.000976562	0.0743455	0.465619	0.277945	0.91718	0.73507	-0.227438
133	0.000976562	-0.0876931	0.431549	-0.0120714	0.096741	-0.46026	0.788335
134	0.000976562	0.205466	0.498182	0.104274	0.269784	-0.587096	-0.437698
135	0.000976562	-0.402126	0.551399	2.18151	0.179481	0.269997	0.421428
136	0.000976562	0.423372	0.440712	0.0725388	0.434426	-0.214679	-0.477844
137	0.000976562	-0.0632771	-0.798219	-4.38845	0.0312173	-0.15244	-1.30123
138	0.000976562	-0.910416	-0.954461	2.19869	0.0180573	-0.205543	0.574478
139	0.000976562	0.217626	0.27816	0.207063	1.1958	0.269839	-0.744297
140	0.000976562	0.278559	0.793807	0.605619	0.144663	-0.395398	0.293041
141	0.000976562	0.449314	0.191981	0.180937	-0.0770332	0.813688	0.459713
142	0.000976562	-1.65193	-2.63869	4.80939	-0.513654	-0.792204	1.61634
143	0.000976562	1.44943	-3.99413	-2.83702	0.513918	-1.25906	-0.985873
144	0.000976562	0.271694	0.183374	0.160009	-0.226711	-0.50574	0.201808
145	0.000976562	0.197043	0.35621	0.00754379	0.599475	0.586534	-0.652716
146	0.000976562	-0.0103802	0.952735	0.511631	-0.314297	0.638181	0.262081
147	0.000976562	0.3153	0.202582	0.313366	0.252354	0.69921	-0.161691
148	0.000976562	0.15684	0.394829	0.309059	0.315676	0.888739	0.318631
149	0.000976562	0.351789	0.183213	0.0321425	-0.0953654	-0.588441	-0.0922
150	0.000976562	0.349843	0.282137	0.0940779	0.0199384	0.0829464	-1.78947
151	0.000976562	0.361173	0.337194	0.564085	-0.338862	0.240222	0.173498
152	0.000976562	-0.130855	-3.57169	-3.80792	-0.0314955	-1.11032	-1.33229
153	0.000976562	-0.39617	0.814264	0.0281925	-0.342493	0.0258595	-0.175389
154	0.000976562	-0.454863	0.473519	-0.0811872	0.577162	-0.368947	0.201103
155	0.000976562	0.295817	0.285501	0.407918	0.309311	0.224613	0.115381
156	0.000976562	-2.61062	-0.206813	2.81867	-0.709452	0.0534776	0.782938
157	0.000976562	0.397584	0.551571	0.488512	0.797447	-0.479113	0.808791
158	0.000976562	1.79501	1.13289	3.36268	0.451219	0.357685	0.881416
159	0.000976562	-0.347084	0.0818427	-0.355218	-0.111538	0.726078	0.480337
160	0.000976562	1.90376	-1.3673	3.49231	0.564953	-0.345319	0.985193
161	0.000976562	-0.347774	0.979611	0.00207638	0.297362	-0.465351	0.189099
162	0.000976562	0.277716	0.234081	0.228746	0.859594	-0.348346	-0.377816
163	0.000976562	-1.91521	2.67836	1.15421	-0.353263	0.803968	0.354023
164	0.000976562	0.128723	-2.58743	4.53138	0.0353591	-0.759118	1.40215
165	0.000976562	-0.0114567	0.679187	0.591978	-0.557922	0.103267	0.695674
166	0.000976562	0.553106	0.431226	0.615508	0.106977	0.254836	0.652296
167	0.000976562	0.143801	-0.542725	-2.31648	0.1169	-0.115174	-0.427502
168	0.000976562	-0.277452	-0.730037	-2.35785	0.0815609	-0.135122	-0.479505
169	0.000976562	0.0318389	0.350824	0.259656	-0.308933	0.409291	0.99113
170	0.000976562	0.15016	0.26142	0.218178	0.720746	1.09125	0.88439
171	0.000976562	3.95689	-1.12245	1.24455	1.14655	-0.264614	0.336647
172	0.000976562	0.0686823	0.356108	0.26095	-0.704867	-0.108781	0.853295
173	0.000976562	0.784248	0.858369	-1.57435	-0.0700777	0.333517	-0.257335
174	0.000976562	0.0566334	0.207836	0.324847	1.52133	0.293878	-0.655411
175	0.000976562	0.306631	0.325091	-0.0707411	0.0193394	-0.727257	0.216525
176	0.000976562	-2.80256	-0.00458901	3.23134	-0.802647	0.0139349	0.891161
177	0.000976562	-2.0481	2.93576	1.40467	-0.542689	0.775091	0.330133
178	0.000976562	0.293725	0.357387	0.233528	0.296465	0.436656	0.904432
179	0.000976562	-1.19251	0.249176	0.10282	0.156689	-0.0236815	-0.0516587
180	0.000976562	0.814028	0.213573	-0.131649	0.429575	0.0342518	-0.280372
181	0.000976562	-0.434212	1.52412	0.303957	-0.0394042	-0.114332	-0.0292402
182	0.000976562	-3.50586	-1.59652	-2.50226	-0.995196	-0.510046	-0.790937
183	0.000976562	0.878678	-2.28105	-2.39837	0.27542	-0.559292	-0.661536
184	0.000976562	-0.941132	0.663444	-0.165197	0.25766	-0.0423516	0.154884
185	0.000976562	0.0877188	0.545401	0.0085931	0.432604	-0.723223	0.492802
186	0.000976562	0.342017	0.392963	0.351951	0.445943	-0.290092	-0.343441
187	0.000976562	2.19276	-0.864806	1.3793	0.32323	-0.244061	0.446047
188	0.000976562	0.229627	0.639083	0.353719	0.426773	0.768473	-0.440099
189	0.000976562	0.229218	0.426831	0.348849	-0.16974	-1.20738	-0.693384
190	0.000976562	-0.630071	4.11377	3.72031	-0.167588	1.3006	1.14239
191	0.000976562	0.17998	-0.30611	-1.82606	-0.00870118	0.218835	-0.278683
192	0.000976562	0.244184	0.290451	0.123812	-1.08494	0.481189	-0.215097
193	0.000976562	0.0927626	0.524473	0.0667011	0.113224	-0.38637	-0.116161
194	0.000976562	0.178173	0.292637	0.120112	-0.790747	-0.664291	0.926696
195	0.000976562	0.0643518	0.394377	-0.070375	0.901194	-0.445523	-0.31821
196	0.000976562	0.407162	0.352383	0.16762	-0.275435	0.316144	-1.12314
197	0.000976562	0.209118	0.14176	0.405892	0.288348	0.370924	0.136753
198	0.000976562	0.139089	0.194518	0.138553	-0.284664	-0.134366	0.600176
199	0.000976562	-2.27997	-1.65592	-2.2013	-0.551797	-0.513049	-0.626527
200	0.000976562	0.119405	0.530831	0.13681	-0.488269	1.46943	-0.358969
201	0.000976562	0.271993	0.495209	0.0573231	-0.388444	-0.549394	0.493721
202	0.000976562	0.24757	0.0894797	0.346969	0.00806675	-0.0854984	0.0336932
203	0.000976562	0.0293823	0.578187	0.539176	-0.93048	0.336472	-0.0252921
204	0.000976562	-3.89885	-0.285176	2.66419	-1.1336	-0.00947258	0.803196
205	0.000976562	-5.61999	-0.825186	0.154738	-1.77815	-0.234875	0.0713824
206	0.000976562	0.0983394	0.295442	0.474782	0.440033	-0.0565844	-0.124903
207	0.000976562	0.268659	0.327037	0.29702	-0.0650431	-0.450548	-0.253769
208	0.000976562	0.206903	0.406206	-0.0447463	-0.839415	0.810396	0.0580838
209	0.000976562	0.236885	0.303311	0.22491	-1.12322	0.226489	-0.137663
210	0.000976562	0.0571183	0.438554	0.0788094	0.339989	-0.104069	-0.704309
211	0.000976562	-2.92449	0.643678	1.91403	-0.809409	0.299279	0.471931
212	0.000976562	0.0663995	0.84812	0.643784	0.274633	-0.200117	0.00332852
213	0.000976562	0.382886	0.283328	0.211151	0.392274	-0.317461	1.03644
214	0.000976562	1.26226	-1.7835	-2.71526	0.324623	-0.394796	-0.743686
215	0.000976562	0.280616	0.197679	0.215263	0.197979	-0.672524	0.204881
216	0.000976562	0.330231	0.247357	0.163941	-1.25209	-1.12893	-0.272037
217	0.000976562	0.271638	0.256693	0.310588	-0.537331	0.438362	-0.450881
218	0.000976562	0.277541	-0.0799674	2.66743	-0.0581934	-0.0760823	0.565453
219	0.000976562	0.205636	-0.22867	-0.729204	0.452709	0.021294	0.364272
220	0.000976562	0.223088	0.179146	0.233443	-0.325056	-1.06442	-0.924529
221	0.000976562	0.306255	0.280771	0.0932267	-0.434928	0.0941476	-0.78468
222	0.000976562	0.300286	0.311468	0.23026	1.16823	0.866634	0.028275
223	0.000976562	0.0329676	-0.626549	-0.805931	-0.0561567	0.274597	0.161635
224	0.000976562	0.485484	-4.251	1.1882	0.193507	-1.46114	0.393711
225	0.000976562	0.208709	1.71058	0.43865	-0.0782341	-0.0628069	0.10105
226	0.000976562	1.39063	0.97866	-0.571027	-0.0921669	0.289884	-0.0622639
227	0.000976562	0.790253	-0.912582	1.42802	-0.244135	-0.381465	0.28302
228	0.000976562	0.250458	-0.0955522	0.0807196	0.202844	0.688001	0.29831
229	0.000976562	0.372465	0.257736	0.156475	-1.12689	-1.25572	-0.618362
230	0.000976562	-3.60191	-3.8277	0.930872	-1.18653	-1.24361	0.307446
231	0.000976562	0.159175	0.380177	0.142503	-0.123502	-1.17968	-0.63799
232	0.000976562	-2.67969	-2.43518	4.04963	-0.795038	-0.737181	1.29579
233	0.000976562	1.05193	-3.90867	-2.99476	0.267964	-1.17801	-0.927149
234	0.000976562	0.436355	0.241113	0.139978	0.46127	-0.0926823	-0.871402
235	0.000976562	-1.00211	0.0317081	-2.79611	-0.166776	-0.13795	-0.693047
236	0.000976562	0.367036	0.365996	0.0168615	0.370681	0.267791	-0.501811
237	0.000976562	0.0794476	0.973554	0.422156	-0.186424	0.603065	0.196282
238	0.000976562	0.0675068	0.478627	2.20307	0.056585	0.221819	0.256752
239	0.000976562	-2.02947	-0.303634	-4.55708	-0.603129	-0.0162528	-1.4569
240	0.000976562	0.253709	0.324887	0.26551	0.0952912	-1.21457	-0.0890782
241	0.000976562	0.143745	0.177883	0.426495	-0.721944	0.859232	-0.0957375
242	0.000976562	-1.79553	0.343962	-4.49692	-0.465083	0.0890894	-1.37529
243	0.000976562	-0.884208	-0.985848	-3.24303	-0.160693	-0.363972	-0.821432
244	0.000976562	0.237882	0.440841	0.366081	0.374245	0.787637	-0.812415
245	0.000976562	0.142114	-0.0240283	0.2654	-0.0772312	-0.0858805	0.43233
246	0.000976562	0.425736	0.187532	-0.759267	0.201518	0.370716	0.392783
247	0.000976562	0.137174	0.322698	0.224084	1.0212	-0.458854	0.99473
248	0.000976562	0.824488	0.395686	0.190689	0.00107771	0.570326	0.380536
249	0.000976562	0.52331	0.65576	-1.03265	-0.268786	-0.091897	-0.0462458
250	0.000976562	0.224292	0.355345	0.258265	-0.634934	1.18374	0.445022
251	0.000976562	0.934384	-2.1619	-3.48611	0.310451	-0.52489	-1.01075
252	0.000976562	0.261577	0.316694	-0.135094	0.155805	-0.519422	-0.312084
253	0.000976562	-1.72472	-0.295936	4.55039	-0.512412	-0.0317983	1.45276
254	0.000976562	0.438516	0.333834	0.221289	-0.877723	-0.133616	0.964229
255	0.000976562	0.903303	-2.95979	-4.81915	0.315588	-0.872245	-1.5756
256	0.000976562	0.31355	0.259262	0.00700732	-0.523724	0.447552	-0.636725
257	0.000976562	0.167226	0.40561	-0.0345762	0.665186	1.03621	-0.176936
258	0.000976562	2.67592	0.241406	-0.0313866	0.541059	0.125533	0.161135
259	0.000976562	-1.84601	-2.75452	4.18115	-0.637296	-0.831719	1.32318
260	0.000976562	-3.54528	0.691701	2.58896	-1.02997	0.368087	0.777061
261	0.000976562	0.465899	0.161202	0.0210029	0.821303	0.158582	0.0121495
262	0.000976562	0.542096	0.0458574	0.641322	0.485962	-0.0121155	-0.41894
263	0.000976562	0.156857	0.307683	0.166015	0.534118	0.4915	-0.667112
264	0.000976562	0.0616745	0.0735414	0.30195	-0.259895	0.431607	-0.666571
265	0.000976562	0.17599	0.358808	0.420275	-0.0674534	-0.331708	0.599546
266	0.000976562	0.250702	0.372512	-0.0930399	-0.63098	0.513692	-0.214312
267	0.000976562	-0.237338	0.659322	0.179375	-0.477991	-0.221822	0.490296
268	0.000976562	0.18273	0.458703	0.250425	-0.027649	0.625606	-0.661028
269	0.000976562	0.207577	0.264955	0.0888394	-0.327509	0.754367	0.501011
270	0.000976562	0.0784492	0.548682	0.3834	0.0735005	-0.0600434	0.225462
271	0.000976562	0.129127	-1.42302	0.524712	-0.126138	-0.120108	-0.0463048
272	0.000976562	-4.03009	0.816362	1.9631	-1.29315	0.423893	0.630306
273	0.000976562	-0.538974	1.14082	0.203512	-0.0205765	-0.337448	0.0416075
274	0.000976562	0.169172	0.390215	0.21485	-0.285077	0.752445	-0.785906
275	0.000976562	1.30355	0.0210057	0.340961	-0.346818	0.343025	-0.00293337
276	0.000976562	0.277733	0.554447	0.375306	1.03997	-0.289877	-0.0383987
277	0.000976562	0.44704	0.257996	0.309111	-0.309491	0.283028	-0.0114048
278	0.000976562	0.909084	-1.33734	-0.742563	-0.0391797	-0.2806	-0.171715
279	0.000976562	-3.7241	1.48513	-0.443691	-1.01063	0.530909	-0.0995581
280	0.000976562	0.632694	0.694977	-0.184102	0.452794	0.424668	-0.165105
281	0.000976562	-0.154207	-0.390812	-3.4313	-0.0327839	0.0602329	-0.933756
282	0.000976562	-1.63156	2.07136	0.85041	-0.197297	0.638789	0.130505
283	0.000976562	-0.0427397	0.230606	0.41874	0.778925	-0.468907	-0.485011
284	0.000976562	0.635768	0.617091	0.33849	0.200276	-0.805478	-0.62178
285	0.000976562	-3.37612	2.20458	2.95589	-1.07082	0.733214	0.866741
286	0.000976562	-0.973726	3.53207	1.34943	-0.290408	0.904601	0.469539
287	0.000976562	0.301907	0.259664	0.206872	1.26807	-0.409197	-0.997429
288	0.000976562	0.159507	0.192647	0.152303	0.0266434	0.228122	-0.443038
289	0.000976562	-0.676551	-1.52219	-1.46088	0.0726271	-0.362556	-0.304442
290	0.000976562	0.061935	-0.345741	0.88571	-0.490246	0.20406	-0.258485
291	0.000976562	-1.33976	-1.0157	-4.1977	-0.281882	-0.349643	-1.26553
292	0.000976562	0.718446	0.238264	0.377488	0.689264	0.136699	-0.209201
293	0.000976562	0.311722	0.273133	0.369295	-0.161335	-0.0322218	-0.125078
294	0.000976562	-0.545888	-0.609751	-1.18653	-0.051954	0.0259304	-0.0676427
295	0.000976562	1.40251	0.691691	0.0633483	-0.240519	0.311142	0.117647
296	0.000976562	0.423794	0.383832	-0.0667995	-0.202088	-0.117835	0.982325
297	0.000976562	-1.27267	-1.95122	-4.05343	-0.318172	-0.674846	-1.1802
298	0.000976562	0.182134	0.223864	0.0420942	-0.381276	-0.189797	-0.937942
299	0.000976562	0.375211	0.308558	-0.0566265	-0.155772	0.821471	-0.360727
300	0.000976562	2.05946	-2.07819	-2.88574	0.625383	-0.504935	-0.845359
301	0.000976562	0.260205	0.328027	0.00368382	0.52507	0.634018	0.583191
302	0.000976562	0.279616	-3.55173	-3.81386	0.149263	-1.13333	-1.32091
303	0.000976562	-0.239154	0.0575468	-0.283329	0.331494	0.514127	0.562884
304	0.000976562	0.00403798	0.0725273	0.0759693	-0.188615	-0.473843	-0.0508775
305	0.000976562	0.100168	0.242392	0.263093	-0.060795	0.479257	0.096003
306	0.000976562	-0.37031	-0.845658	0.990716	0.338892	0.027348	0.136307
307	0.000976562	-2.83638	-1.11697	-3.84014	-0.84691	-0.303102	-1.2893
308	0.000976562	0.264245	0.271961	0.26698	0.5929	0.320225	0.731479
309	0.000976562	-0.0672758	0.365351	0.741536	-0.23604	-0.00144231	0.31266
310	0.000976562	-2.66425	-3.70217	3.25283	-0.831607	-1.1273	1.04772
311	0.000976562	-1.04983	1.54535	1.3723	0.00811253	0.404364	0.160668
312	0.000976562	0.453717	0.621485	-0.364362	0.299904	0.11802	-0.0843871
313	0.000976562	-2.20306	2.72081	0.493348	-0.463444	0.791873	0.200782
314	0.000976562	-0.015681	-0.295013	-2.89194	0.13276	-0.137076	-0.636378
315	0.000976562	-0.101661	2.0278	-0.422428	-0.226159	0.24972	-0.0284045
316	0.000976562	0.177339	0.573151	-0.0207678	-0.000385891	1.08584	-0.665422
317	0.000976562	0.114538	0.276188	0.345554	-0.256016	-0.451135	-0.339858
318	0.000976562	0.0383906	0.345026	0.168241	0.966753	1.17707	0.922239
319	0.000976562	0.404139	0.207079	0.123408	-1.1924	0.282018	-0.396432
320	0.000976562	0.146616	0.389293	0.256348	-1.04565	-0.238806	-1.02723
321	0.000976562	-0.549243	1.80448	2.99743	-0.0186528	0.410667	0.869878
322	0.000976562	-2.69453	-3.89134	-2.48078	-0.880612	-1.2759	-0.856426
323	0.000976562	0.71107	-5.15559	0.774221	0.262386	-1.65357	0.243695
324	0.000976562	0.462329	-0.345049	0.766805	-0.101241	0.451095	-0.236795
325	0.000976562	0.00753057	-1.98292	-2.67861	-0.000990224	-0.499841	-0.726213
326	0.000976562	0.147505	-0.970171	1.03774	-0.332386	-0.142072	-0.0245838
327	0.000976562	0.103392	0.433056	0.146521	-0.0370608	0.700519	-0.772513
328	0.000976562	0.247695	0.226019	0.265239	0.494098	-1.05778	0.0570213
329	0.000976562	0.0626795	0.909115	0.686334	0.0201158	0.417965	-0.0526754
330	0.000976562	0.0583725	0.598595	0.244335	-0.544265	1.2782	-0.351077
331	0.000976562	0.103386	0.623825	0.195588	0.0219253	0.706066	-0.391263
332	0.000976562	0.266501	-0.219195	-2.11408	0.186306	-0.149624	-0.286071
333	0.000976562	0.124228	0.238234	0.13531	0.118106	0.946917	0.281152
334	0.000976562	0.215261	0.381524	0.0510936	-0.244136	-1.06436	0.0622265
335	0.000976562	0.149207	0.426553	0.450312	0.263112	0.0489593	0.446278
336	0.000976562	0.69536	-1.2315	2.22707	0.111335	-0.310669	0.413824
337	0.000976562	0.396532	0.750334	-0.0577711	0.733433	0.610726	0.382644
338	0.000976562	0.182221	0.897765	0.619405	-0.0529838	0.628473	0.121185
339	0.000976562	0.0923964	0.0421288	0.309602	-0.428093	0.814637	0.600284
340	0.000976562	0.252936	-0.813717	1.58218	0.0256672	0.0720616	0.134798
341	0.000976562	0.446775	0.756708	0.491309	0.698219	0.421793	0.181458
342	0.000976562	0.302932	0.41911	0.0269801	-0.252979	1.26666	-0.0380792
343	0.000976562	0.219296	0.375749	0.218965	0.0831423	-0.0897153	-1.18589
344	0.000976562	0.0554647	0.250211	0.248383	-0.0634404	-1.18478	-0.14919
345	0.000976562	-0.164506	-0.0201025	0.348785	-0.0100125	0.402405	-0.39034
346	0.000976562	0.781505	-0.457772	-2.13673	0.189641	-0.213436	-0.333631
347	0.000976562	0.0354707	0.312586	0.192375	-1.09765	-0.111644	0.383698
348	0.000976562	0.673236	0.420002	0.0907575	0.39589	0.585518	-0.0754921
349	0.000976562	-2.75774	-0.775892	-2.78861	-0.76206	-0.327164	-0.796878
350	0.000976562	0.395288	0.229379	0.0842005	-0.5126	0.842191	-0.535955
351	0.000976562	-2.30626	-1.44113	3.35561	-0.784116	-0.368411	1.17706
352	0.000976562	0.0766867	0.448473	0.42182	0.625022	0.574627	-0.936517
353	0.000976562	0.233586	0.370484	0.0508568	-0.191598	-0.81932	0.324414
354	0.000976562	0.168323	0.142264	0.153931	0.183345	-0.777484	0.518048
355	0.000976562	-2.24416	-1.27887	-2.8812	-0.648707	-0.43147	-0.849781
356	0.000976562	0.136706	0.416675	0.288236	-0.677495	0.397599	0.182656
357	0.000976562	0.30524	-0.623679	2.60549	0.267264	-0.0325465	0.556353
358	0.000976562	0.199617	0.521885	-0.00517655	1.3011	0.404024	-0.615051
359	0.000976562	0.246236	0.133371	0.15794	0.500105	0.185142	-0.113781
360	0.000976562	-0.100435	0.332701	0.411864	0.271522	0.0279021	0.0181328
361	0.000976562	0.0236339	0.362485	0.170491	0.483065	0.9998	0.41125
362	0.000976562	-0.0108345	0.254888	0.285713	-0.020669	1.22031	0.163379
363	0.000976562	3.01026	-3.66503	-3.60251	0.959416	-1.17145	-1.22443
364	0.000976562	0.824567	0.100016	0.323451	0.278471	0.180002	0.548407
365	0.000976562	0.197746	0.37701	0.123329	1.16719	1.35393	0.0293742
366	0.000976562	0.206359	0.30733	0.252092	-0.81884	-0.407617	0.0432873
367	0.000976562	0.813132	0.264928	0.292903	0.922188	0.206236	-0.0704851
368	0.000976562	0.19695	0.361199	0.204036	0.266792	-1.00215	-0.54362
369	0.000976562	0.28488	0.40056	0.239205	0.589072	-0.53627	0.463519
370	0.000976562	-0.220707	0.767549	-1.34916	0.00255927	0.258284	0.0153683
371	0.000976562	1.16273	0.0472219	-3.58084	0.390427	-0.0113268	-0.926694
372	0.000976562	0.245935	0.165857	0.310628	0.816231	0.145077	0.62589
373	0.000976562	0.118879	0.346041	0.277731	1.04481	-0.113269	0.762813
374	0.000976562	0.11802	-0.445839	-4.01305	-0.011847	-0.0518809	-1.14404
375	0.000976562	0.425622	0.127614	0.140544	0.256089	0.0154801	0.281667
376	0.000976562	0.191665	0.343806	0.0881059	-0.123063	-0.61728	0.108676
377	0.000976562	0.176412	0.374246	0.251831	0.198184	0.465005	0.816472
378	0.000976562	0.0303176	0.0722735	0.361115	0.604982	0.757451	-0.957859
379	0.000976562	0.245671	0.208355	0.102904	0.44847	0.656036	-1.40371
380	0.000976562	-0.360938	-1.24584	-1.54684	0.0443436	-0.241288	-0.20294
381	0.000976562	0.167416	0.0710878	-0.212392	-0.869077	0.318831	0.662897
382	0.000976562	0.222053	0.422705	-0.0654566	-0.28477	0.289675	0.416329
383	0.000976562	0.244343	0.255152	0.144512	-0.881704	-0.228357	0.383885
384	0.000976562	0.596781	-1.25811	1.18205	-0.00238352	-0.146394	0.0867304
385	0.000976562	0.40441	0.423382	0.41125	-0.345017	-0.79835	0.426823
386	0.000976562	0.279221	0.26151	0.208984	-0.706037	-0.268037	-0.857649
387	0.000976562	-0.0761906	-0.415965	1.53788	0.391054	-0.0528384	0.22556
388	0.000976562	-1.21893	-1.38349	-1.13853	-0.213483	-0.284423	-0.187587
389	0.000976562	-0.121872	0.513116	0.778852	-0.0991068	-0.0504503	-0.0827061
390	0.000976562	-0.0031942	1.09602	0.525032	0.41035	-0.164515	-0.534171
391	0.000976562	0.476	0.326997	-0.383843	0.574184	0.115142	0.794475
392	0.000976562	0.0325545	0.441018	-0.0653097	-0.447333	0.47001	0.246722
393	0.000976562	0.392767	0.131905	0.0110081	0.240601	-0.0680515	0.642284
394	0.000976562	0.308587	0.846192	0.146789	-0.528833	-0.138989	0.145124
395	0.000976562	-0.248585	-1.07062	-0.795954	-0.0798115	-0.141048	0.139105
396	0.000976562	-0.091042	-0.375103	1.57303	0.403093	0.155028	0.160355
397	0.000976562	0.34641	0.262358	0.177637	-1.2	-1.2253	-0.605812
398	0.000976562	-0.233208	0.811141	-0.00959251	-0.455997	0.136747	0.27204
399	0.000976562	0.191563	0.28116	0.323573	-0.346688	0.856848	1.02291
400	0.000976562	0.557684	-0.908916	-1.57158	0.242667	-0.0878641	-0.190332
401	0.000976562	2.02207	-1.80993	4.7496	0.618888	-0.56789	1.46022
402	0.000976562	-4.09719	-1.44686	1.19955	-1.23801	-0.571296	0.467156
403	0.000976562	-0.40401	0.817181	0.271521	-0.226711	0.347404	-0.186552
404	0.000976562	-0.611014	-2.62686	2.75409	-0.196726	-0.699898	0.777696
405	0.000976562	1.51773	-0.933134	-0.761533	0.229029	-0.0132914	-0.00820738
406	0.000976562	0.257414	0.444311	0.279357	-0.639008	-0.0384587	-0.317846
407	0.000976562	0.0803159	0.78027	0.366817	0.557939	-0.0374178	0.471848
408	0.000976562	0.0877728	-0.0265283	0.838619	0.00698298	-0.0697223	-0.00124345
409	0.000976562	-2.48941	-0.741569	1.61132	-0.592474	-0.0484393	0.436236
410	0.000976562	-2.79021	0.692149	2.11535	-0.715388	0.247663	0.515912
411	0.000976562	0.579005	-0.737341	0.566126	0.173811	0.424363	0.250036
412	0.000976562	0.0792719	-0.193768	0.414984	-0.0738197	0.167836	0.229823
413	0.000976562	0.0295931	-1.42634	-2.00049	0.0451536	-0.275377	-0.424943
414	0.000976562	0.574281	0.240886	1.65991	0.223531	0.241029	-0.003451
415	0.000976562	-0.238873	0.0453482	-0.279028	0.282651	0.544225	0.544212
416	0.000976562	0.39073	0.247017	0.325664	-0.273404	-0.0355804	-0.7804
417	0.000976562	0.337552	0.11174	-1.37594	0.220926	-0.0911511	0.100918
418	0.000976562	0.051644	0.502936	0.0937975	0.325116	0.26905	-0.495145
419	0.000976562	0.389378	0.372405	0.202258	0.274547	-0.0549246	-0.972956
420	0.000976562	0.409155	-1.76784	-2.99251	0.169012	-0.362461	-0.879283
421	0.000976562	-0.197269	0.096562	0.0879213	0.567884	0.113674	-0.173353
422	0.000976562	0.354836	0.298779	0.261229	-0.178008	0.350688	-0.504436
423	0.000976562	0.863932	0.368474	0.111534	-0.0817834	0.261748	0.00238754
424	0.000976562	1.15572	1.15097	1.59551	-0.0283402	0.0911434	0.337009
425	0.000976562	-0.0188603	0.443572	0.123999	0.514322	0.223271	-0.232251
426	0.000976562	0.309373	0.440965	0.044335	-0.238136	0.576665	0.174147
427	0.000976562	0.175537	-0.320544	0.248418	0.0743304	0.889208	-0.116154
428	0.000976562	0.0276805	0.362827	0.176729	0.880411	1.12312	1.14912
429	0.000976562	0.85086	-3.63961	-3.42036	0.311612	-1.05734	-1.0954
430	0.000976562	0.373868	0.644164	0.301315	0.178623	-0.12319	-0.192891
431	0.000976562	0.315463	0.440685	-0.0469927	-0.195667	-0.797175	0.296838
432	0.000976562	0.297143	0.329894	0.401553	0.230545	0.321448	-0.608139
433	0.000976562	0.189223	-0.00956239	0.304099	-0.230715	0.238229	0.214824
434	0.000976562	0.0482536	0.0880265	-0.124718	0.105026	0.447184	0.570478
435	0.000976562	-0.236128	0.130365	0.270799	0.999828	-0.498302	0.00423964
436	0.000976562	-0.453805	-2.66466	-4.2399	-0.0702649	-0.818381	-1.28135
437	0.000976562	0.0141294	0.967677	0.0914325	-0.158039	0.600757	0.291621
438	0.000976562	0.187742	0.180255	0.21222	0.478285	0.0739921	1.21783
439	0.000976562	0.352521	0.195702	0.330186	0.398218	-1.06129	0.0662321
440	0.000976562	0.128947	0.578839	0.170997	0.0944705	1.34379	0.5236
441	0.000976562	0.0950866	0.242152	0.392311	0.125827	-0.391294	-0.270545
442	0.000976562	0.263785	0.377723	0.365575	-0.548858	-0.23975	-1.32659
443	0.000976562	-0.106128	0.792918	0.147498	0.0248952	0.783622	0.679148
444	0.000976562	0.0331982	0.404708	-0.355289	-0.554792	-0.0985025	-0.257608
445	0.000976562	0.382209	0.286578	0.167525	1.04954	-0.748004	0.404543
446	0.000976562	-0.20831	-1.47824	-1.99465	0.0377153	-0.384378	-0.354212
447	0.000976562	0.173547	0.173886	0.135739	-0.474841	-0.673485	0.485133
448	0.000976562	-0.126533	-4.37095	-0.229493	-0.0243996	-1.52269	-0.109179
449	0.000976562	0.140091	0.167805	-0.0324832	-0.553365	-0.524941	0.791727
450	0.000976562	0.504024	0.182563	-0.127577	0.527145	-0.120393	0.639469
451	0.000976562	0.385374	0.179588	0.225876	-0.55765	0.949125	0.416203
452	0.000976562	0.29434	0.896091	0.663995	-0.153003	0.246934	0.136721
453	0.000976562	0.448961	0.00102871	-2.53479	-0.0909053	0.106033	-0.536342
454	0.000976562	0.0403824	0.226271	0.0843003	0.0616728	0.313654	0.51392
455	0.000976562	-0.0535868	-0.0531242	1.79106	0.285086	-0.0735081	0.13701
456	0.000976562	-0.321875	3.62621	-3.17095	-0.101733	1.07973	-0.938211
457	0.000976562	0.371403	-0.111873	0.468836	-0.397187	0.852378	-0.422046
458	0.000976562	-1.99646	-0.124333	2.87586	-0.501577	-0.116562	0.733329
459	0.000976562	0.0496336	-1.7122	2.3579	0.098075	-0.292863	0.611982
460	0.000976562	0.228451	0.130731	0.213184	0.625252	0.957767	-0.187652
461	0.000976562	0.402334	0.307439	0.274197	-1.20877	0.494405	-0.404828
462	0.000976562	0.864286	0.350128	0.0675032	0.0786173	-0.0457108	-0.231399
463	0.000976562	-0.768087	1.73497	-0.139711	-0.0273196	0.125539	0.0894588
464	0.000976562	0.481943	0.301579	0.206286	0.310524	0.746185	0.462415
465	0.000976562	0.12372	0.289538	0.220653	0.304631	-0.384847	1.11515
466	0.000976562	0.38693	1.17811	-0.674139	-0.215482	0.192927	0.259169
467	0.000976562	-1.12989	1.04142	-0.749324	0.0868561	0.238883	-0.0508378
468	0.000976562	0.159794	0.391495	0.504839	-0.64844	0.989923	0.766171
469	0.000976562	0.14118	0.527496	0.418021	-0.417992	-0.000640702	0.31994
470	0.000976562	0.835239	0.425071	0.0258902	0.364259	0.734163	-0.151103
471	0.000976562	0.392295	0.473381	0.459238	-0.493341	0.382375	1.15786
472	0.000976562	0.167616	0.321003	0.28501	-0.439497	1.04784	-0.614342
473	0.000976562	0.524182	0.17878	-0.145273	-0.37161	0.256584	-0.321292
474	0.000976562	0.114224	0.127061	0.25311	0.441048	-0.73226	0.0130303
475	0.000976562	-3.31337	-0.371896	2.50044	-1.09239	0.0420652	0.800715
476	0.000976562	0.161722	0.545629	0.174695	0.035744	0.145104	0.6949
477	0.000976562	0.360256	-0.0832736	-3.30955	0.0273343	0.139642	-1.00709
478	0.000976562	0.0590914	0.344541	0.218023	0.933702	-0.938563	0.205891
479	0.000976562	0.840672	-1.15937	-2.75638	0.358435	-0.309547	-0.667449
480	0.000976562	0.99184	-1.17971	0.725079	0.0162905	-0.0197872	0.00613101
481	0.000976562	0.190372	-2.21129	-2.43297	0.142797	-0.574651	-0.619002
482	0.000976562	0.179598	0.294058	0.255946	0.11036	0.763592	-0.140101
483	0.000976562	0.198993	0.329276	0.146389	0.891606	-0.239496	0.800462
484	0.000976562	0.838355	0.348587	-0.0160046	0.378926	0.30132	-0.297345
485	0.000976562	-3.95711	-1.20396	-3.86698	-1.23154	-0.469162	-1.26266
486	0.000976562	0.336825	0.125079	0.201951	0.804465	-0.0626429	-0.580737
487	0.000976562	0.239387	0.327668	0.173549	-0.0364074	0.480127	0.720659
488	0.000976562	-0.0364304	0.380622	0.421519	0.1593	0.0809097	0.477214
489	0.000976562	0.109327	0.302217	0.22117	-0.691412	-0.645551	1.28166
490	0.000976562	-0.110308	2.80352	-0.11197	-0.0939122	0.567759	0.00860273
491	0.000976562	0.305865	0.442687	0.0710238	0.622068	-0.237364	-0.738548
492	0.000976562	0.292248	0.700648	0.293282	-0.00798021	-0.0687305	-0.155107
493	0.000976562	0.119235	0.467196	0.411066	-0.785285	-0.538681	0.613174
494	0.000976562	-0.176817	-0.522114	-0.20467	-0.0277061	0.281408	0.417407
495	0.000976562	-3.77858	0.668336	2.62035	-1.16313	0.296132	0.754237
496	0.000976562	-0.210413	-0.11818	0.0351986	-0.114169	-0.334507	0.41037
497	0.000976562	1.13756	-0.384466	-3.54095	0.245398	-0.00981569	-0.990862
498	0.000976562	0.123019	0.252377	0.443751	-0.102009	-0.171913	0.600737
499	0.000976562	0.390924	0.060688	0.44796	0.414173	0.821047	-0.243988
500	0.000976562	-0.713973	-2.11223	-2.00337	-0.23068	-0.475131	-0.54055
501	0.000976562	0.189187	0.433998	0.152351	0.335328	-0.516308	-0.609822
502	0.000976562	0.322638	0.259283	0.176368	0.31681	-1.22306	0.0400067
503	0.000976562	0.171476	0.459329	0.165194	0.0660908	0.572769	-1.07577
504	0.000976562	-0.0492784	0.562582	0.238061	0.30996	-0.713346	0.431125
505	0.000976562	0.196585	0.414208	0.081566	-0.333365	-0.600895	0.160667
506	0.000976562	0.238784	-0.259993	-1.75985	-0.0864304	0.194702	-0.269837
507	0.000976562	1.07033	-1.86556	4.34249	0.348929	-0.540486	1.29708
508	0.000976562	0.415141	0.655446	0.328447	0.504431	0.346087	1.10583
509	0.000976562	0.226405	0.414046	0.110315	-0.315441	0.293278	0.532107
510	0.000976562	0.21324	0.431333	0.261025	0.669598	0.0744704	-0.599866
511	0.000976562	-1.76206	-0.2647	1.40847	-0.239013	0.0154581	0.270519
512	0.000976562	0.167285	0.428133	0.199916	0.553453	-0.434477	1.15238
513	0.000976562	-1.07895	1.2584	3.28076	-0.173625	0.292699	0.952674
514	0.000976562	0.309944	0.123289	0.277209	-0.47826	-0.426565	-0.126814
515	0.000976562	0.109595	0.411771	0.115186	-0.257329	-1.3331	-0.649817
516	0.000976562	0.284171	-1.79388	-2.84078	0.119202	-0.478327	-0.687072
517	0.000976562	0.32948	-0.889501	0.429067	0.0142089	0.313445	-0.106403
518	0.000976562	-0.720857	-2.09291	-1.99918	-0.0163683	-0.512776	-0.455661
519	0.000976562	1.50127	-1.02369	1.3547	0.194863	-0.234233	0.176315
520	0.000976562	0.140679	0.208249	-0.104113	0.0525212	-0.487885	-0.562238
521	0.000976562	-3.46181	-4.15205	0.0482573	-1.12963	-1.30878	0.00433562
522	0.000976562	-1.64383	-3.38263	-3.87333	-0.479583	-1.10799	-1.37852
523	0.000976562	-2.8579	1.80199	-0.72947	-0.69261	0.553113	-0.179969
524	0.000976562	1.90331	-1.6049	-2.04413	0.416183	-0.437853	-0.494428
525	0.000976562	-1.84469	2.60055	-5.3364	-0.609229	0.773089	-1.77749
526	0.000976562	-4.13	1.0367	1.99515	-1.24753	0.445025	0.615626
527	0.000976562	-2.53008	2.60924	-0.808564	-0.654083	0.780247	-0.304908
528	0.000976562	0.147337	0.375626	-0.118131	-0.514464	-0.38751	-0.208217
529	0.000976562	0.340085	0.0632494	-1.3969	0.195645	0.0636554	0.0754075
530	0.000976562	-2.29213	2.44629	-1.05198	-0.541934	0.729806	-0.345299
531	0.000976562	0.145978	0.25262	0.145645	-0.372612	-1.47338	-0.320843
532	0.000976562	0.23666	-1.37431	-2.89493	-0.00936682	-0.223213	-0.788847
533	0.000976562	0.144458	0.537189	0.199636	-0.46683	0.187605	-0.110462
534	0.000976562	-0.676788	-0.124598	1.05495	0.163602	0.265241	-0.126075
535	0.000976562	-0.0298911	-0.667446	0.641726	-0.487972	0.14892	-0.118677
536	0.000976562	0.410248	0.282973	0.305441	0.502231	0.521605	0.0804885
537	0.000976562	-0.144957	1.40696	1.68577	0.283584	0.274438	0.204685
538	0.000976562	-0.784222	-1.21742	-5.03114	-0.258355	-0.233139	-1.58925
539	0.000976562	0.249842	0.0548274	0.389625	0.149168	-0.0460225	0.772589
540	0.000976562	0.861937	0.265154	0.359821	0.157534	0.0946713	0.339474
541	0.000976562	0.353473	0.381194	0.257422	0.218372	0.361253	0.0445284
542	0.000976562	-1.15301	-2.92179	4.53908	-0.396247	-0.892574	1.42945
543	0.000976562	0.739123	1.43457	2.26319	0.032028	0.297006	0.527274
544	0.000976562	-0.00683698	-1.70744	-3.17899	0.127418	-0.397401	-0.794207
545	0.000976562	0.281305	0.261412	0.125011	1.12319	-0.42789	1.03388
546	0.000976562	0.276779	0.318011	0.227674	-0.855823	1.06145	-0.67406
547	0.000976562	0.0401348	0.234252	0.375567	-0.111699	-0.906213	0.596664
548	0.000976562	0.333602	0.363277	0.0719298	0.301261	-0.146462	-0.301254
549	0.000976562	0.354186	-1.36006	-2.15861	0.0866747	-0.381446	-0.408684
550	0.000976562	0.0810459	0.469644	0.21071	0.549366	-0.431319	0.0828669
551	0.000976562	0.786538	-0.663862	0.723888	-0.153451	0.325924	-0.0215261
552	0.000976562	0.374114	0.657353	-0.206409	-0.231297	0.287771	0.231605
553	0.000976562	-4.13977	-2.25181	0.54532	-1.40653	-0.672071	0.192707
554	0.000976562	0.41325	0.674477	0.579568	0.773283	0.413391	0.174148
555	0.000976562	-0.215186	0.746583	0.151664	0.260187	0.502112	0.525773
556	0.000976562	1.12917	-0.986313	0.717837	-0.0846462	0.0261414	0.0974074
557	0.000976562	-1.92159	-2.41549	4.92522	-0.605977	-0.780871	1.62484
558	0.000976562	1.63735	-2.40642	4.53462	0.589998	-0.776205	1.50937
559	0.000976562	-0.462107	1.26161	-0.41271	-0.0957432	-0.0878221	0.206235
560	0.000976562	0.353045	1.23026	0.220707	-0.559401	-0.126112	0.122874
561	0.000976562	0.606915	0.712171	-2.15055	-0.000842434	0.319462	-0.356117
562	0.000976562	0.577523	-0.6136	1.3687	-0.0843962	-0.132382	0.0210535
563	0.000976562	0.35961	0.375416	0.242512	-0.26395	0.310839	0.157277
564	0.000976562	0.488821	0.17209	0.381216	-0.833589	-0.0290861	-0.197865
565	0.000976562	0.411189	0.274186	0.0426586	-0.233531	0.511937	-0.177098
566	0.000976562	0.271261	0.447347	0.0615181	0.548203	0.316074	0.53745
567	0.000976562	-0.616849	0.245298	1.649	-0.0592044	0.00633948	0.0775181
568	0.000976562	0.554606	0.285479	0.613768	0.0273978	0.00771084	-0.49698
569	0.000976562	-0.251037	0.63803	-0.102759	-0.561362	0.467484	0.0871978
570	0.000976562	-4.23951	-2.78018	-2.65372	-1.37665	-0.886012	-0.921284
571	0.000976562	0.916438	0.0537696	3.48849	0.250646	0.0857576	0.874914
572	0.000976562	0.0691883	0.205963	0.514547	0.162479	-1.04505	0.813155
573	0.000976562	0.213868	0.394094	0.358742	0.341264	-0.596854	-0.204259
574	0.000976562	0.0183567	-0.088529	0.145901	0.499788	0.920556	0.515172
575	0.000976562	-0.638792	0.347679	0.703025	0.451897	0.109481	-0.239741
576	0.000976562	0.115105	0.875018	0.647094	0.343167	0.154085	0.133617
577	0.000976562	-0.898972	-1.14648	-5.07664	-0.196861	-0.273898	-1.63505
578	0.000976562	0.565613	0.174269	0.509028	-0.18985	0.527522	0.743158
579	0.000976562	-0.176945	0.303339	0.181203	-0.0702623	0.281192	0.418193
580	0.000976562	-2.03729	0.630492	-4.31038	-0.555378	0.152594	-1.36377
581	0.000976562	1.37967	-2.95233	3.79697	0.471961	-0.948205	1.32104
582	0.000976562	0.0407763	0.312118	0.157854	0.47066	0.219925	0.922282
583	0.000976562	0.221472	0.400642	0.239012	-0.631218	0.6234	-0.188975
584	0.000976562	0.16073	0.193232	0.287716	0.765453	0.409478	-0.724855
585	0.000976562	-1.00201	-0.810706	0.761128	0.138756	-0.0463041	0.198561
586	0.000976562	0.360478	0.507593	-0.212951	-0.620361	-0.17611	0.378077
587	0.000976562	0.0922866	-0.88289	-2.4494	0.255005	-0.172732	-0.566128
588	0.000976562	0.884666	-0.0573832	3.30793	0.142684	-0.0821555	0.973383
589	0.000976562	0.312804	0.217805	0.127208	0.983224	-0.25629	0.531476
590	0.000976562	2.87409	-3.05565	-4.1161	0.88612	-0.973323	-1.33455
591	0.000976562	0.37462	0.551188	0.0834912	1.13479	0.246449	-0.075283
592	0.000976562	-0.0556499	0.723904	0.85603	-0.24448	0.300163	-0.0213475
593	0.000976562	0.650151	1.00405	-1.03304	-0.141442	0.266391	0.119894
594	0.000976562	0.799654	-0.024279	0.355202	0.191028	-0.0885877	-0.417029
595	0.000976562	0.0219434	0.720276	-0.515029	0.451323	-0.218664	0.463613
596	0.000976562	-2.37304	-2.95751	-1.35572	-0.665599	-0.831141	-0.496782
597	0.000976562	-2.39142	-0.142579	1.67977	-0.537962	-0.0175342	0.417853
598	0.000976562	0.131006	0.569073	0.0271501	1.01739	-0.697275	0.901506
599	0.000976562	0.333157	0.14344	-0.0675131	0.0611546	-0.159528	0.0396614
600	0.000976562	0.0945231	0.408131	-0.138347	0.810533	0.0971733	-0.209235
601	0.000976562	0.170223	0.331555	0.00055075	-0.307327	0.0943387	0.743018
602	0.000976562	0.122897	0.413398	0.455771	0.377956	0.750991	-0.456774
603	0.000976562	-0.0186181	0.225599	-1.77985	0.152244	0.169251	-0.175485
604	0.000976562	-0.288703	-0.475593	-2.00652	0.0953655	-0.27884	-0.316105
605	0.000976562	-2.22018	1.70434	3.59941	-0.570422	0.496804	1.16515
606	0.000976562	0.0784118	0.462895	-0.0203066	-0.215784	0.553122	-0.486111
607	0.000976562	0.000671427	0.321296	0.128376	0.959601	-0.200998	-0.821855
608	0.000976562	0.302505	0.756641	-0.0343362	-0.16957	-0.0720107	-0.360811
609	0.000976562	0.862492	0.0476109	-0.0526046	0.548225	-0.334564	-0.0840185
610	0.000976562	-0.940848	-0.0971341	-5.05725	-0.221208	-0.0697388	-1.57332
611	0.000976562	1.18899	-0.652347	5.15875	0.359764	-0.168665	1.57637
612	0.000976562	0.0750052	0.423742	0.372818	-0.108465	0.875611	1.34369
613	0.000976562	0.100281	0.351182	0.0878957	1.30717	0.102383	-0.12495
614	0.000976562	-0.779057	-0.488211	-0.8409	0.0844825	-0.0250817	0.0445987
615	0.000976562	0.451383	1.22908	-1.20488	-0.109938	0.485335	-0.0253062
616	0.000976562	0.230817	0.568043	0.0905526	0.248198	-1.12897	0.158919
617	0.000976562	0.242941	-0.209411	-2.09464	0.0802094	-0.131309	-0.230661
618	0.000976562	0.718399	-0.668686	0.621421	-0.147484	0.315965	-0.0724526
619	0.000976562	-2.19617	-1.06619	3.54617	-0.65939	-0.207391	1.09415
620	0.000976562	0.188507	-0.351395	0.597504	0.117919	-0.498807	-0.0722536
621	0.000976562	-0.0495453	1.10739	0.0332184	-0.00886841	0.566369	-0.0744745
622	0.000976562	0.728782	-0.71341	-2.25881	0.166508	-0.20631	-0.382962
623	0.000976562	0.570946	0.537928	0.368909	-0.0130647	0.645506	0.231781
624	0.000976562	0.380008	0.260353	0.141019	0.527692	-0.588838	-0.071947
625	0.000976562	0.0615105	1.08853	0.547262	0.275202	-0.396583	-0.363759
626	0.000976562	-0.0510291	-0.0846649	0.0349547	0.163162	0.452274	0.302341
627	0.000976562	0.235643	-0.580692	1.66192	0.104565	0.0505009	0.0633412
628	0.000976562	-0.261025	0.353629	0.293452	0.593009	0.689771	0.688107
629	0.000976562	0.861463	0.0968527	0.134901	-0.0257106	-0.169839	-0.0712173
630	0.000976562	0.309201	0.225998	0.275001	0.0789475	-0.257978	-0.118513
631	0.000976562	0.181477	0.242579	0.133924	0.206298	-1.47889	0.0854032
632	0.000976562	0.681976	0.447576	0.326509	0.0612447	-0.161931	0.810448
633	0.000976562	0.0561998	0.179193	0.132796	1.63019	0.258219	0.206941
634	0.000976562	0.242567	0.123731	0.145727	0.803373	-0.241646	-0.245805
635	0.000976562	0.131094	0.437956	0.192166	0.819025	-0.305362	-0.214076
636	0.000976562	0.294708	0.178616	0.440192	0.717783	-0.237589	0.454186
637	0.000976562	2.08276	-0.171864	1.83357	0.436408	-0.33595	0.443449
638	0.000976562	0.142591	0.0214917	0.224762	0.869967	-0.0603802	-0.0678225
639	0.000976562	0.85411	0.843056	1.8616	0.278245	-0.0419331	0.221292
640	0.000976562	0.274119	0.386908	0.361518	-0.245492	-0.416066	0.485208
641	0.000976562	0.779213	1.71209	2.40534	0.335529	0.253514	0.588351
642	0.000976562	0.435611	0.44556	0.101312	0.0130342	0.0555867	-0.234515
643	0.000976562	0.442216	-0.505349	-0.706922	0.145022	0.0631341	0.385675
644	0.000976562	-0.256489	0.12919	0.333116	-0.382036	-0.478701	-0.23789
645	0.000976562	0.21744	0.180309	-0.0248503	0.263087	0.289239	-0.643336
646	0.000976562	0.193172	0.339786	0.176772	0.346941	1.7874	0.0208461
647	0.000976562	0.323152	-0.318464	0.0354921	-0.208103	0.809753	0.0575469
648	0.000976562	2.04774	-0.042267	-2.68352	0.536256	0.107454	-0.656573
649	0.000976562	0.669675	0.121012	0.298328	0.947257	-0.31551	0.445905
650	0.000976562	0.41628	0.739622	0.404707	0.743673	0.0933591	0.852467
651	0.000976562	0.131496	-0.244086	-0.536858	-0.550932	0.0446198	0.268723
652	0.000976562	0.200687	0.791235	0.0285139	0.335244	0.0835787	0.687044
653	0.000976562	0.39934	0.228916	0.0140525	-0.670122	0.514485	-0.551867
654	0.000976562	0.303265	0.215816	0.12513	0.943672	0.973127	-0.127208
655	0.000976562	-0.402008	0.459578	0.362302	-0.0840861	-0.306003	-0.248242
656	0.000976562	0.265269	0.866352	0.988399	0.128992	0.255734	0.338208
657	0.000976562	2.11314	0.98356	4.67016	0.723377	0.373538	1.44341
658	0.000976562	-2.21355	0.531973	1.37996	-0.432031	0.191585	0.276876
659	0.000976562	2.27995	-1.75865	-3.83208	0.629378	-0.540824	-1.14193
660	0.000976562	0.793164	0.786481	1.24177	-0.0372244	-0.0431215	-0.123034
661	0.000976562	-0.092119	0.405305	-2.36881	-0.0727761	0.251969	-0.506951
662	0.000976562	0.0869161	0.248761	0.0517856	-0.0114531	0.463883	0.444813
663	0.000976562	0.197946	0.614348	-0.0188349	-0.479086	0.0771378	0.277164
664	0.000976562	0.302261	-1.52532	0.899011	0.173369	-0.104752	0.0317727
665	0.000976562	0.0350002	0.0765179	0.290979	0.756897	-0.275337	-0.0918104
666	0.000976562	0.729748	-2.25186	-2.36056	0.20493	-0.614301	-0.630194
667	0.000976562	-0.740239	-1.02938	0.186781	-0.0382738	0.121395	0.160921
668	0.000976562	0.138078	-0.0507224	0.754103	-0.0493504	0.774904	-0.236292
669	0.000976562	-0.242622	0.285345	-0.455227	-0.174495	-0.413874	0.509061
670	0.000976562	0.165893	0.167231	0.177504	0.5625	0.956148	0.539447
671	0.000976562	0.183048	1.08045	0.577536	-0.0721082	0.382786	-0.00980592
672	0.000976562	-0.0931258	0.0721005	-0.975679	-0.137997	0.143041	0.293468
673	0.000976562	0.87854	0.202936	0.100375	0.0621231	0.288012	0.0575343
674	0.000976562	0.267751	0.358699	0.362761	0.350138	-0.224432	-0.869533
675	0.000976562	0.146522	0.339479	0.138011	-0.329782	0.588395	1.04804
676	0.000976562	0.266201	0.384639	0.20167	-0.541695	0.603933	0.360928
677	0.000976562	0.224911	0.110239	0.192029	-0.31926	0.292546	-0.24863
678	0.000976562	-0.0618515	0.159844	0.432335	1.2084	-0.276081	0.252571
679	0.000976562	-0.239021	0.420504	0.165191	0.174312	-0.16162	-0.867879
680	0.000976562	1.26696	-0.995895	1.16883	0.118265	-0.0964461	0.154659
681	0.000976562	0.474155	0.158063	0.212675	-0.704578	0.228475	-0.783826
682	0.000976562	-0.123563	-0.359326	0.672555	0.214572	0.55708	-0.161785
683	0.000976562	-3.31014	0.507403	2.05804	-1.062	0.357431	0.651411
684	0.000976562	-0.225576	-1.07081	-4.57711	-0.00345446	-0.238797	-1.37203
685	0.000976562	0.203104	0.437206	0.0985364	-0.33376	0.378632	0.423892
686	0.000976562	0.300512	0.0763721	0.315801	-0.0324877	-0.371913	0.275534
687	0.000976562	0.319051	0.967923	-0.540688	0.35766	-0.189633	0.373254
688	0.000976562	0.0188612	0.120371	0.317059	-0.152704	0.384051	-0.277225
689	0.000976562	0.34645	-0.615171	2.61534	0.221752	0.0761185	0.702765
690	0.000976562	0.274426	0.327353	-0.0566892	-1.03956	0.494148	-1.02391
691	0.000976562	-1.29252	-2.12892	-2.36691	-0.269584	-0.614802	-0.646592
692	0.000976562	0.190457	0.187885	0.269818	-0.361611	-0.145737	0.391895
693	0.000976562	0.239513	0.805771	0.656292	-0.0168839	-0.174756	0.139126
694	0.000976562	1.16301	-0.037169	3.84721	0.260851	-0.0524162	1.0746
695	0.000976562	0.0460311	0.790736	0.47571	0.440175	0.43484	0.828014
696	0.000976562	0.12021	0.354275	-0.0010472	-0.495209	0.216833	0.35772
697	0.000976562	0.183055	0.373823	0.10127	-0.189432	1.15756	-0.0472412
698	0.000976562	-2.38808	-0.739421	-1.18378	-0.496973	-0.141291	-0.330899
699	0.000976562	0.978339	0.884447	-1.67328	-0.0164686	0.293421	-0.219947
700	0.000976562	1.29283	-0.0529524	0.343448	-0.224055	0.205862	-0.00217091
701	0.000976562	0.0710418	0.272677	-0.767435	-0.293257	-0.343224	0.258063
702	0.000976562	0.149459	0.193868	0.0716877	-0.0726523	0.0117336	0.203682
703	0.000976562	-0.293635	-3.6037	-3.68099	-0.021799	-1.14623	-1.30559
704	0.000976562	0.183825	0.336653	0.0134101	0.595097	-1.11765	0.68892
705	0.000976562	0.369846	0.350166	0.23404	0.598361	0.521983	0.0100877
706	0.000976562	1.34443	1.2336	-1.44745	0.139556	0.165331	-0.26259
707	0.000976562	0.544929	-1.01697	1.50819	-0.106687	-0.318377	0.130675
708	0.000976562	-0.043054	-0.328725	1.09665	-0.37907	-0.118794	-0.269652
709	0.000976562	-2.01413	-2.73947	-2.50224	-0.580723	-0.928126	-0.688056
710	0.000976562	-0.105435	0.383937	0.433313	-0.218803	-0.210216	-0.361189
711	0.000976562	0.358316	0.303443	0.301366	-0.447539	-0.410699	-0.0670267
712	0.000976562	0.192146	0.19681	0.0798074	-0.890475	0.376628	0.0439404
713	0.000976562	0.437036	0.0556306	-0.116767	0.123544	-0.817514	-0.560369
714	0.000976562	0.282425	0.464911	-0.169151	0.327301	0.307745	0.250396
715	0.000976562	-0.435268	0.602822	-0.19105	-0.199776	0.0621344	-0.396688
716	0.000976562	-2.47311	-1.6816	1.21625	-0.553707	-0.515654	0.412917
717	0.000976562	0.393076	0.55202	0.127087	0.903728	0.348348	0.067424
718	0.000976562	2.52904	0.997103	-0.389484	0.544619	0.19493	-0.125035
719	0.000976562	0.793372	0.739	1.01556	-0.140096	-0.0914486	-0.27525
720	0.000976562	-0.259741	-2.29247	-4.84068	-0.0321953	-0.834672	-1.50583
721	0.000976562	0.165886	0.36788	0.183155	0.0435369	-0.0271177	-0.381654
722	0.000976562	0.242039	0.305257	0.207196	0.530792	-0.158942	0.820618
723	0.000976562	0.230069	0.355537	0.14838	-0.618947	1.31672	0.559268
724	0.000976562	0.163305	0.573425	0.256995	0.380891	-0.137605	-0.0109878
725	0.000976562	-1.87156	-2.21442	4.49676	-0.596616	-0.68238	1.51026
726	0.000976562	1.15729	1.31446	-1.38034	0.115539	0.187211	-0.398298
727	0.000976562	0.122742	0.384996	0.166513	-0.806157	1.05431	-0.0656969
728	0.000976562	1.8692	-1.13233	-1.4403	0.307217	-0.271639	-0.278435
729	0.000976562	0.307372	0.257414	0.192169	-0.174672	-1.04225	-0.148413
730	0.000976562	-1.76397	-0.367805	-3.04523	-0.382731	-0.0560712	-0.887984
731	0.000976562	0.471986	0.435467	0.241831	-0.0481023	-0.619498	0.311511
732	0.000976562	0.327285	0.212532	0.07984	0.570286	0.255938	-1.21517
733	0.000976562	0.252334	0.228615	0.24631	-0.761842	0.893221	0.41238
734	0.000976562	0.323138	0.406409	0.106831	-0.410426	0.20023	0.935239
735	0.000976562	0.208019	0.273873	0.161149	1.25371	-1.02482	0.812129
736	0.000976562	0.0486399	0.620707	-1.33969	0.0568257	0.127631	0.0651997
737	0.000976562	0.25439	0.402027	-0.086166	-0.197847	-0.704045	-0.438149
738	0.000976562	-0.388994	-0.600182	-0.313241	-0.284309	0.228115	0.322318
739	0.000976562	0.206405	0.252503	0.277082	-0.460455	1.6141	-1.08533
740	0.000976562	0.294585	0.476015	0.0694165	-0.626477	-0.449689	1.01109
741	0.000976562	0.280206	0.270356	0.245505	0.159278	-0.674828	0.245772
742	0.000976562	0.172947	0.215116	0.23018	-1.20823	0.514057	0.719202
743	0.000976562	0.715415	0.345751	0.289166	-0.0831705	0.283026	-0.445176
744	0.000976562	0.26036	0.0935395	0.19164	0.000606113	0.550806	-0.415874
745	0.000976562	0.184157	-0.0188282	0.241247	0.464521	0.0367441	0.0355065
746	0.000976562	0.474884	0.504977	0.408972	-0.373542	0.801651	1.1227
747	0.000976562	-0.20256	-2.01774	-2.82547	0.128562	-0.544123	-0.76483
748	0.000976562	0.271076	0.14217	0.173373	-1.09204	-0.10355	-0.788575
749	0.000976562	0.00147092	-0.35244	0.0954445	0.0887112	0.641556	-0.309427
750	0.000976562	-0.0850897	0.167125	-0.0138519	0.937836	-0.480215	0.665183
751	0.000976562	0.393258	-0.349102	0.389341	0.0281865	0.0692147	0.00937362
752	0.000976562	-0.0567989	0.215776	0.401467	0.275103	0.236712	0.530873
753	0.000976562	0.344135	0.30092	0.108559	0.352464	-0.724394	0.459679
754	0.000976562	0.217648	0.140881	0.320662	-0.406903	0.055039	1.01921
755	0.000976562	0.0607358	0.380364	0.245651	0.789665	-0.62706	-1.16744
756	0.000976562	0.1852	0.222571	0.244053	-0.122418	-0.341063	0.430484
757	0.000976562	0.344512	1.96212	2.00074	0.0365204	0.257951	0.493118
758	0.000976562	0.428858	-0.866112	5.14122	0.196965	-0.320732	1.57299
759	0.000976562	0.289752	0.314756	0.123668	-0.188835	0.19068	2.00968
760	0.000976562	-2.15741	-2.37356	4.51068	-0.656057	-0.710354	1.44265
761	0.000976562	-0.271101	-1.875	-4.47691	-0.0313222	-0.690286	-1.31384
762	0.000976562	0.283604	0.252656	0.141568	0.715655	0.998344	0.651927
763	0.000976562	0.610424	0.109019	0.053787	0.60452	-0.182185	0.821471
764	0.000976562	0.206104	0.157441	0.281316	-1.01222	-0.123489	-0.90291
765	0.000976562	0.223215	-0.507341	0.112817	0.0832739	0.378478	0.682492
766	0.000976562	-1.96386	-1.79288	-1.5605	-0.490975	-0.412855	-0.415515
767	0.000976562	0.23055	-0.0924772	-0.307779	-0.437351	-0.283786	0.111724
768	0.000976562	-4.40471	-1.03046	1.34163	-1.35365	-0.220851	0.401295
769	0.000976562	1.07499	-1.11956	1.09712	0.020332	-0.478382	0.14771
770	0.000976562	0.531822	-0.846016	-0.923116	-0.103639	0.0285755	0.0995107
771	0.000976562	0.342427	0.650905	0.576063	0.196246	-0.357812	0.366619
772	0.000976562	0.206265	0.679402	-1.64204	-0.0508072	0.128939	-0.0875608
773	0.000976562	-0.739175	-1.39978	4.24974	-0.183037	-0.378038	1.47146
774	0.000976562	0.298567	0.156526	0.259206	0.169357	-0.0319367	-1.21887
775	0.000976562	0.21196	-0.434233	0.743143	0.593599	0.321425	-0.140549
776	0.000976562	0.532548	0.595401	0.178351	-0.106578	-1.13115	-0.281963
777	0.000976562	0.0225451	0.316921	0.0973439	0.333568	0.344505	0.878066
778	0.000976562	0.310796	0.609536	-0.275259	-0.406089	-0.305552	0.130463
779	0.000976562	0.806647	-0.959875	-1.18456	-0.163528	-0.16518	-0.298978
780	0.000976562	0.228133	0.188063	0.290426	0.158873	-0.482359	0.931892
781	0.000976562	0.662745	0.316489	-0.442487	-0.0676835	-0.0674971	-0.156618
782	0.000976562	0.288383	0.586009	0.13278	-0.204502	0.505566	-0.105981
783	0.000976562	-0.19419	0.0819483	-0.273333	0.366536	0.57479	0.466813
784	0.000976562	0.212672	0.308413	0.245966	1.02214	-0.317105	-0.656921
785	0.000976562	0.355993	0.515575	-0.0482609	0.0460644	-0.53712	-0.560756
786	0.000976562	0.667478	-0.617716	0.470262	-0.0188304	0.325725	-0.290459
787	0.000976562	-0.106139	-2.02471	-2.84234	0.0415815	-0.618989	-0.654372
788	0.000976562	-4.86169	-1.95836	0.294717	-1.55649	-0.571286	0.100794
789	0.000976562	0.41673	0.167543	0.221513	-0.514326	0.73271	-0.0527626
790	0.000976562	0.377392	-0.518914	-0.720014	0.289092	0.32972	0.21151
791	0.000976562	-0.586251	-0.236853	2.247	-0.216249	-0.115979	0.370508
792	0.000976562	-0.409055	0.175721	-0.0757516	-0.212294	0.480961	0.667175
793	0.000976562	0.135203	0.400043	0.417714	0.0851084	1.24716	-0.406577
794	0.000976562	-3.39548	0.640193	-0.884715	-0.884424	0.233968	-0.236756
795	0.000976562	0.329499	-0.244455	3.77392	0.106453	-0.00861515	0.996411
796	0.000976562	0.383558	0.453554	0.271923	-0.78226	0.509455	-0.729952
797	0.000976562	-0.321424	-3.56685	3.8318	-0.124458	-1.09729	1.20522
798	0.000976562	0.342732	0.264437	0.219051	0.428541	-1.1307	-1.10904
799	0.000976562	0.134705	0.192475	0.297884	-0.491841	0.810938	1.1702
800	0.000976562	0.353411	0.335844	0.342189	0.0121816	0.26357	0.272754
801	0.000976562	0.138642	0.390074	0.247845	-0.114153	0.818719	-0.805852
802	0.000976562	0.204492	0.443689	0.296285	0.394028	1.27458	0.204019
803	0.000976562	-0.01107	0.175971	0.393953	0.391586	-0.190065	0.980819
804	0.000976562	0.232748	0.106056	0.431986	0.835281	-0.612419	0.948688
805	0.000976562	-0.0213417	0.663241	0.39345	-0.763912	0.721982	-0.241042
806	0.000976562	2.80201	-2.86505	3.83395	0.92239	-0.90869	1.27672
807	0.000976562	0.0688789	0.470354	0.511601	0.186418	-0.862331	0.142088
808	0.000976562	-0.548917	-1.39927	-1.57189	-0.000792367	-0.23661	-0.326379
809	0.000976562	0.385184	-0.715797	0.715124	0.382744	0.257235	-0.165727
810	0.000976562	0.639815	-0.172761	0.438666	0.265105	-0.189925	0.690505
811	0.000976562	0.0148728	0.401799	0.103118	-0.437515	-0.206028	-0.59658
812	0.000976562	1.75288	-0.0506841	-2.26628	0.385616	-0.00731769	-0.45759
813	0.000976562	0.718743	0.341382	0.210081	-0.0584375	-0.422637	0.729518
814	0.000976562	0.172061	0.165722	0.364623	-0.0925024	0.188217	0.388218
815	0.000976562	0.318941	0.306111	0.246601	0.690247	0.136691	0.373053
816	0.000976562	0.280439	0.241079	0.229582	-1.41043	-0.166402	-0.709924
817	0.000976562	-0.194278	-4.22944	-3.01647	-0.0166013	-1.33726	-1.01507
818	0.000976562	0.178748	0.363453	0.205899	0.425588	-0.178709	0.751532
819	0.000976562	-0.120701	0.792206	0.0697423	0.17233	0.11498	0.440606
820	0.000976562	0.455986	0.435308	0.292309	-0.95798	-0.0753463	-0.00325334
821	0.000976562	-3.23732	-2.10886	-2.50508	-0.929949	-0.580713	-0.801422
822	0.000976562	1.26888	-4.34054	-2.9775	0.467559	-1.36497	-1.01514
823	0.000976562	0.179351	0.315543	0.20678	0.218264	1.21715	0.629434
824	0.000976562	0.240534	0.232397	0.120708	-1.12936	-0.541082	0.162495
825	0.000976562	0.0693059	0.787593	0.486137	0.460141	-0.192481	0.11366
826	0.000976562	0.727203	0.416621	0.164232	0.68155	0.754618	0.110346
827	0.000976562	-0.453094	-2.91716	0.373705	-0.125081	-0.721225	0.16514
828	0.000976562	-1.84373	2.49814	-5.34483	-0.545457	0.824599	-1.71129
829	0.000976562	0.247028	0.64371	0.386653	-0.660796	-0.374285	0.276851
830	0.000976562	0.401738	0.398274	-0.0875262	0.637199	0.114914	0.00645621
831	0.000976562	0.605716	0.0329111	0.492976	-0.360409	-0.171314	0.209406
832	0.000976562	0.116096	0.125883	0.0181657	-0.205814	0.110581	-0.335532
833	0.000976562	-0.367829	-1.20428	1.18593	-0.0950412	-0.0665867	0.0950426
834	0.000976562	0.0892278	0.336442	0.0651026	0.948444	-0.783762	-0.080461
835	0.000976562	0.115586	-1.50622	-2.67069	-0.0648763	-0.475068	-0.620087
836	0.000976562	-2.81241	0.0161043	3.22368	-0.893602	0.0882591	0.852911
837	0.000976562	1.82144	1.18179	2.71083	0.432717	0.330178	0.871307
838	0.000976562	-2.44161	-2.00756	2.21961	-0.666116	-0.492795	0.650502
839	0.000976562	-0.635906	4.85482	-1.47828	-0.198354	1.46647	-0.425365
840	0.000976562	0.230285	0.22741	0.211202	0.434502	-1.37109	-0.920222
841	0.000976562	0.204108	0.263199	0.214786	-0.367177	1.5266	1.03366
842	0.000976562	0.21386	-0.541428	-0.569093	0.136154	0.239777	0.294268
843	0.000976562	-3.3596	-1.47222	-4.34265	-1.03121	-0.522547	-1.3836
844	0.000976562	0.139045	0.503117	0.345355	0.986793	0.274477	-0.459516
845	0.000976562	0.0994864	0.306265	0.0952271	-0.740497	0.529573	1.10573
846	0.000976562	-2.55944	-2.81403	-3.15318	-0.72251	-0.901228	-0.999674
847	0.000976562	-0.362045	-1.06596	-2.93176	-0.0366006	-0.417299	-0.662462
848	0.000976562	0.571004	0.0109043	0.454465	-0.429741	0.168213	0.253583
849	0.000976562	0.393853	0.305033	0.290291	-0.289417	0.288003	-0.229475
850	0.000976562	-0.622769	2.18586	-0.243952	-0.380436	0.4271	-0.00579216
851	0.000976562	0.151028	0.375379	0.377657	1.25477	-0.393811	0.193711
852	0.000976562	-1.52972	-1.40775	-5.01818	-0.420247	-0.523534	-1.52366
853	0.000976562	0.123408	-0.741781	-0.193355	-0.251605	0.360276	0.0818372
854	0.000976562	0.415474	-0.00893318	0.233487	-0.0453773	0.00878784	0.119721
855	0.000976562	0.123663	0.394403	0.142335	0.195346	-0.0938811	0.0812986
856	0.000976562	0.2133	0.203252	0.205297	1.10289	0.844576	0.474494
857	0.000976562	0.220119	0.404828	0.0801971	-0.563933	-0.588918	0.237203
858	0.000976562	1.41334	-1.60301	-2.97068	0.414282	-0.33385	-0.832037
859	0.000976562	0.589938	0.446883	0.102943	-0.585585	0.196466	-0.268133
860	0.000976562	0.668938	0.487422	0.415473	0.674741	0.459526	-0.20521
861	0.000976562	0.258032	0.319894	0.370743	-0.591425	0.016312	0.670399
862	0.000976562	0.123601	0.178609	0.0885876	-0.0828869	0.687939	-0.450291
863	0.000976562	-2.40902	-1.92184	-1.36806	-0.631879	-0.598688	-0.32829
864	0.000976562	0.0431525	-1.69714	-3.12948	0.0209354	-0.528658	-0.769908
865	0.000976562	0.502639	-1.37836	-2.87175	0.146699	-0.378195	-0.623416
866	0.000976562	2.57697	0.249257	-1.2161	0.539851	-0.00952242	-0.227849
867	0.000976562	0.111379	0.932177	0.721002	-0.0649464	0.360227	0.239884
868	0.000976562	2.70988	-4.60954	-0.535892	0.898019	-1.44432	-0.213003
869	0.000976562	-0.0802387	0.829194	-0.14564	0.036676	0.0725028	-0.0209256
870	0.000976562	0.603496	0.671284	0.56454	0.586998	0.278297	0.374796
871	0.000976562	-1.01072	2.60535	2.33329	-0.0866997	0.76646	0.701318
872	0.000976562	0.359199	0.334187	0.270094	0.875361	0.453949	0.307815
873	0.000976562	0.693167	-0.153979	0.234944	-0.0784973	-0.0380928	0.339456
874	0.000976562	0.411183	0.357745	0.320682	0.83802	-0.810898	-0.0597148
875	0.000976562	0.710568	0.553342	0.150501	0.0939518	0.665034	0.256506
876	0.000976562	-0.921023	2.28673	1.88943	0.00452333	0.657441	0.532814
877	0.000976562	0.522747	-0.835219	0.494005	-0.458736	-0.144367	-0.145196
878	0.000976562	-0.11585	-0.843303	1.18063	0.335289	-0.0912669	0.0568417
879	0.000976562	-0.523881	2.99248	-2.46342	-0.124864	0.817645	-0.662476
880	0.000976562	1.12913	0.959884	-2.31596	0.112907	0.418089	-0.558664
881	0.000976562	-2.76305	2.28448	1.85004	-0.709579	0.790815	0.631191
882	0.000976562	0.175292	0.0717927	0.256768	0.052593	-0.0357686	0.35584
883	0.000976562	-0.225867	0.937733	0.760914	-0.086169	-0.457755	0.0498189
884	0.000976562	0.586621	0.357688	-0.0403122	-0.465077	0.159906	-0.0540811
885	0.000976562	0.339614	0.325138	0.237141	-0.368806	0.218399	0.0737058
886	0.000976562	0.100598	0.363512	0.0988915	1.40851	0.149007	-0.0200082
887	0.000976562	0.526971	0.834239	-1.27389	-0.122506	0.151491	-0.00661791
888	0.000976562	-2.39583	-1.61545	-4.78258	-0.782246	-0.62542	-1.5226
889	0.000976562	0.0870137	-0.714148	-2.04346	0.0813616	-0.0612835	-0.362581
890	0.000976562	0.303714	0.416805	0.0840421	-1.08322	-0.0654729	0.910649
891	0.000976562	-1.40863	-1.09995	-4.02644	-0.275315	-0.353149	-1.26608
892	0.000976562	0.198798	0.362453	0.0994763	-0.318217	0.897428	-0.199862
893	0.000976562	-1.17101	3.30607	3.15672	-0.247251	0.98254	1.03416
894	0.000976562	0.17218	0.29894	0.141186	0.841355	-0.409832	-0.699378
895	0.000976562	0.432479	0.187401	-0.52207	0.136675	-0.0371246	0.758028
896	0.000976562	0.254919	0.317418	0.232619	0.868636	0.696958	-0.198079
897	0.000976562	0.390425	-0.848003	0.163508	-0.279552	0.123806	-0.199039
898	0.000976562	0.772657	0.119862	0.237029	0.98485	0.0545265	0.105352
899	0.000976562	-0.461727	2.30272	-0.244186	0.0632941	0.340797	-0.0518918
900	0.000976562	0.0408892	-1.01111	0.247392	-0.303175	0.115212	-0.0897533
901	0.000976562	0.262613	0.26777	0.187434	-0.0975793	-0.537313	-0.0242436
902	0.000976562	0.387981	0.209609	-0.269016	0.177546	-0.760339	-0.411357
903	0.000976562	0.133039	0.618465	0.190495	-0.327348	-0.0440593	-0.734655
904	0.000976562	0.542867	0.451171	-0.773595	-0.160716	-0.15902	0.271597
905	0.000976562	0.277034	0.351981	0.0367378	0.122195	-1.11909	0.161586
906	0.000976562	0.46957	0.42222	0.428531	0.43431	-0.422621	-0.187629
907	0.000976562	0.49263	-0.193659	4.48828	0.174063	-0.0116776	1.29972
908	0.000976562	-0.13526	0.836	-0.177772	-0.137538	-0.595511	0.403078
909	0.000976562	0.0193683	0.311389	-0.00603705	0.598577	0.318843	0.370041
910	0.000976562	0.394251	0.477017	-0.261535	0.13877	0.697042	0.262602
911	0.000976562	0.249482	0.193846	0.190423	0.515531	0.492171	-0.0580836
912	0.000976562	0.184543	0.459726	0.279724	-0.713662	1.03091	-0.0768253
913	0.000976562	0.402358	0.324222	0.220802	0.0320087	1.16905	-0.262557
914	0.000976562	0.790773	-1.07219	-2.06762	0.141964	-0.324881	-0.369384
915	0.000976562	0.470482	0.332991	0.427807	-0.649122	0.747104	0.00608828
916	0.000976562	-0.162555	-1.06477	0.698826	-0.294825	-0.128957	-0.104518
917	0.000976562	-0.0946749	0.609322	-1.56218	0.171731	0.0274881	-0.0438542
918	0.000976562	-1.64855	0.117631	-4.92116	-0.542528	-0.084314	-1.53721
919	0.000976562	0.0531634	-0.601199	-0.511646	-0.431015	0.189671	-0.0284762
920	0.000976562	0.0768555	0.361337	-0.0166528	0.177129	-0.276633	-0.342009
921	0.000976562	-3.07175	1.04674	1.91515	-0.811595	0.378376	0.540931
922	0.000976562	-1.17123	1.23743	-0.918775	-0.0316723	0.189068	-0.0913508
923	0.000976562	1.88363	-0.40983	2.95922	0.461437	-0.17081	0.829979
924	0.000976562	0.117388	0.479644	0.0840419	0.189093	-0.361381	0.217974
925	0.000976562	-1.60233	1.27372	-1.15664	-0.206011	0.330035	-0.145271
926	0.000976562	0.250755	0.366519	0.18159	-1.07864	0.0706057	-0.903555
927	0.000976562	-0.0626884	-0.0486789	0.496587	-0.450516	0.44837	-0.757532
928	0.000976562	-2.36549	-4.53651	1.23687	-0.745392	-1.48694	0.452446
929	0.000976562	0.268147	0.210016	0.0690736	0.980164	1.26453	-0.0765089
930	0.000976562	0.18489	0.265329	-0.183722	-0.51308	0.033031	0.58423
931	0.000976562	-1.31868	-2.7345	-3.58733	-0.304675	-0.846619	-1.12672
932	0.000976562	0.466157	0.0816629	-0.876331	-0.048954	0.363575	0.338546
933	0.000976562	0.275335	0.323902	0.186816	0.799104	0.518493	0.410515
934	0.000976562	-2.90255	-2.94612	-3.47763	-0.917507	-0.92091	-1.18852
935	0.000976562	-0.179744	0.381416	0.197601	0.392042	-0.313353	-0.490747
936	0.000976562	0.13163	0.295121	0.350211	0.335406	1.12778	-0.638971
937	0.000976562	0.728236	0.152115	0.411976	0.832324	0.325466	0.152612
938	0.000976562	0.0145796	0.136799	0.262926	-0.555107	0.599825	0.669308
939	0.000976562	-2.88854	-3.48551	-1.00353	-0.910949	-1.03325	-0.346701
940	0.000976562	0.118907	0.360735	0.328398	0.263014	-0.201069	-0.253361
941	0.000976562	0.187147	0.441107	0.205221	-0.34125	0.456654	-0.509773
942	0.000976562	-1.08371	-0.093894	-0.531112	0.171697	0.150789	-0.00351052
943	0.000976562	0.166123	0.252877	-0.0215468	0.690463	0.732448	-0.112724
944	0.000976562	0.339497	0.501222	-0.0717431	0.458835	0.453191	0.138582
945	0.000976562	0.768358	0.871608	-1.60419	-0.126329	0.251873	-0.261619
946	0.000976562	-0.130209	0.0291091	-0.157515	0.110404	0.848118	0.53341
947	0.000976562	1.57667	-1.29155	-1.12486	0.23567	-0.21246	-0.151016
948	0.000976562	-0.223783	-0.260006	2.62655	-0.120526	-0.0775886	0.489627
949	0.000976562	-2.00438	-1.90715	-3.66468	-0.594873	-0.691029	-1.09762
950	0.000976562	1.62683	-2.9511	-3.8953	0.552591	-0.870416	-1.25281
951	0.000976562	-0.134831	0.157524	-2.20386	-0.098225	0.010485	-0.317695
952	0.000976562	-0.174901	-0.410353	-4.22508	-0.019203	-0.0714058	-1.19498
953	0.000976562	0.351955	-0.744598	-2.05564	0.116743	-0.096048	-0.322812
954	0.000976562	0.0907544	-0.961849	0.192854	-0.121618	0.238052	0.0200311
955	0.000976562	0.726365	0.211858	0.0372583	0.528112	0.466583	-0.568553
956	0.000976562	0.347376	0.600336	0.288173	-0.0727071	-0.1692	-0.133189
957	0.000976562	0.122913	0.205701	0.139023	-0.498102	0.245884	-0.477303
958	0.000976562	0.127583	0.382025	0.391062	0.111141	0.378598	0.162634
959	0.000976562	-0.120982	0.653389	0.012956	-0.0657676	-0.451295	-0.496164
960	0.000976562	-0.994097	0.369275	-0.267344	0.313575	0.143224	0.111678
961	0.000976562	0.100278	0.499424	0.172874	-1.06495	0.0126275	0.711771
962	0.000976562	0.0818805	0.432519	0.276132	-0.283917	-0.638984	-0.298612
963	0.000976562	0.371973	-1.71093	-2.87947	0.186946	-0.521741	-0.683334
964	0.000976562	0.245632	0.592934	0.213421	-0.15157	-0.818032	-0.68136
965	0.000976562	0.219355	0.469886	0.12564	-0.162999	0.233471	0.709695
966	0.000976562	-1.55107	-1.1877	-3.67326	-0.448277	-0.355914	-1.08764
967	0.000976562	0.053162	-0.325169	0.0739865	-0.124698	0.0765726	0.374389
968	0.000976562	-0.0205182	-0.442999	-0.061127	-0.16273	-0.146681	0.123544
969	0.000976562	0.218919	0.412561	0.0310962	-0.291945	-0.778051	0.527525
970	0.000976562	-0.0149287	0.241313	0.0563235	0.564746	0.634143	0.775798
971	0.000976562	0.629815	-0.174769	-0.454693	-0.240911	0.437614	0.404714
972	0.000976562	0.41206	0.114101	0.168771	0.229201	-0.0262493	-0.671455
973	0.000976562	-0.0894227	-1.81763	4.64338	0.00420216	-0.529998	1.39896
974	0.000976562	0.418606	0.167847	0.198647	0.487969	1.02422	-0.237651
975	0.000976562	2.24001	1.07774	-2.28481	0.534142	0.441685	-0.61475
976	0.000976562	0.536527	-0.573427	1.27956	0.380567	0.0119041	-0.0915705
977	0.000976562	0.0925457	0.308684	0.122011	-0.347997	-0.267778	-0.75628
978	0.000976562	0.0337424	0.305872	0.450822	0.487741	-0.0145313	-0.270707
979	0.000976562	0.254915	0.577135	0.130077	0.704899	0.432473	-0.275744
980	0.000976562	0.280439	0.0760592	0.206754	0.694059	-0.354896	0.893529
981	0.000976562	0.327011	0.623919	0.258159	0.0451913	-0.0162379	0.197634
982	0.000976562	0.383206	0.744766	1.4836	-0.244186	-0.0335077	-0.00605923
983	0.000976562	-3.17455	0.239992	-4.82606	-0.962819	0.1048	-1.69004
984	0.000976562	0.278045	0.213367	0.150405	-0.348363	-0.596826	1.10162
985	0.000976562	0.918891	0.351309	0.357375	0.367312	-0.113832	0.133239
986	0.000976562	2.47124	5.04293	-1.25933	0.792643	1.61182	-0.359168
987	0.000976562	0.285382	0.218854	0.220858	-0.564086	-0.623698	-1.02205
988	0.000976562	0.167727	0.361116	0.441539	-0.131967	0.547033	0.0691004
989	0.000976562	0.0388318	0.494245	0.436265	0.274946	1.08762	0.826014
990	0.000976562	-3.89164	0.405452	1.10139	-1.10531	0.0640357	0.386409
991	0.000976562	0.302187	-0.0155515	0.229193	0.213589	0.118567	0.195266
992	0.000976562	0.229963	0.203492	0.146787	-0.933134	0.0517667	-0.232087
993	0.000976562	0.227094	0.717916	0.584486	0.100234	-0.0582436	0.711563
994	0.000976562	0.362442	0.430443	0.134967	-0.473225	-0.723729	0.175216
995	0.000976562	-0.713825	-0.837137	2.81741	-0.0885084	-0.138254	0.684697
996	0.000976562	-0.472916	-0.226204	0.696761	-0.110531	-0.149406	-0.402455
997	0.000976562	0.223464	1.10594	-2.53578	0.196735	0.242165	-0.517716
998	0.000976562	0.233059	0.479618	0.0613375	0.1084	-0.243007	-0.687992
999	0.000976562	-2.37768	-4.55978	1.23242	-0.812839	-1.58303	0.384281
1000	0.000976562	0.598852	-0.363777	-1.43084	0.185351	-0.0415701	-0.000935997
1001	0.000976562	0.361125	0.381085	0.342146	0.750463	0.521924	0.192881
1002	0.000976562	0.15396	0.333894	0.149673	-0.616956	0.716054	0.658086
1003	0.000976562	-0.15331	0.270564	0.145266	0.307753	0.0643802	0.0427006
1004	0.000976562	2.32633	-1.12514	-2.52141	0.696427	-0.275588	-0.620622
1005	0.000976562	0.371564	1.39911	2.62343	-0.015491	0.373892	0.631105
1006	0.000976562	0.574282	-0.147693	-0.0508571	-0.340703	0.803362	0.260476
1007	0.000976562	-0.0854459	0.150612	0.698729	-0.510392	0.0282324	0.400197
1008	0.000976562	-0.230604	-0.0287898	-1.24483	-0.170531	0.362347	-0.082836
1009	0.000976562	0.233406	0.237485	0.293022	0.741575	-0.744777	0.825155
1010	0.000976562	1.23684	2.14433	-1.11616	0.187403	0.546393	-0.41134
1011	0.000976562	-0.0646563	0.53322	0.366152	0.93391	-0.566923	-0.709172
1012	0.000976562	0.131174	0.236397	0.26664	0.0205852	0.853963	0.162789
1013	0.000976562	0.246436	0.36213	0.352171	0.419882	-0.541364	1.71389
1014	0.000976562	0.565408	-0.440535	0.257973	0.199175	-0.212559	0.149386
1015	0.000976562	-0.190537	-1.94989	-1.55579	-0.00148791	-0.364505	-0.380735
1016	0.000976562	0.290308	0.0549477	0.668899	0.0358615	-0.506575	0.637058
1017	0.000976562	0.212111	0.523654	0.531589	0.938016	0.264985	0.863371
1018	0.000976562	0.629482	0.544931	0.381023	0.0971283	0.626405	0.535526
1019	0.000976562	-0.141282	-5.03636	-2.41345	-0.0178024	-1.59154	-0.804719
1020	0.000976562	3.29273	0.434389	3.64933	1.04555	0.210052	1.08927
1021	0.000976562	0.728385	0.260646	0.503611	0.278397	0.17811	0.198831
1022	0.000976562	0.210634	0.211168	0.173135	-0.708577	0.0561367	0.505565
1023	0.000976562	0.350325	-0.922699	0.382023	-0.206024	0.0444887	-0.165633
